# created by program: /home/aporutho/.conda/envs/westpa-2020.02/westpa-2020.03/lib/west_tools/plothist.py
# created by user:    aporutho
# created on host:    bhc0136
# created at:         Mon Aug  8 03:21:02 2022
# source data: /gpfs/fs2/scratch/aporutho/LipidPhase/Simulation/Weighted_Ensemble_3/Analysis/ClusterLipids2Total_AuxData/DPPC_DAPC_CHOL/333K/multi_west/corebychol.h5 dimension 0
# column 0: midpoint of bin
# column 1: probability in bin
# column 2: -ln P
# column 3: log10 P
3.578766670078039431e-04 8.199907821165145378e+02 0.000000000000000000e+00 2.913808970312456115e+00
1.073630001023411721e-03 0.000000000000000000e+00 inf -inf
1.789383335039019607e-03 0.000000000000000000e+00 inf -inf
2.505136669054627493e-03 0.000000000000000000e+00 inf -inf
3.220890003070235597e-03 0.000000000000000000e+00 inf -inf
3.936643337085843700e-03 3.661460488310616483e+02 8.062608045458929951e-01 2.563654351923298158e+00
4.652396671101450935e-03 0.000000000000000000e+00 inf -inf
5.368150005117059038e-03 0.000000000000000000e+00 inf -inf
6.083903339132667142e-03 0.000000000000000000e+00 inf -inf
6.799656673148275245e-03 0.000000000000000000e+00 inf -inf
7.515410007163883348e-03 0.000000000000000000e+00 inf -inf
8.231163341179490583e-03 1.315582676959779462e+02 1.829843245046300027e+00 2.119118146240908107e+00
8.946916675195096952e-03 0.000000000000000000e+00 inf -inf
9.662670009210706790e-03 0.000000000000000000e+00 inf -inf
1.037842334322631316e-02 0.000000000000000000e+00 inf -inf
1.109417667724192300e-02 0.000000000000000000e+00 inf -inf
1.180993001125752936e-02 0.000000000000000000e+00 inf -inf
1.252568334527313920e-02 4.897770111025332795e+01 2.817927983725797336e+00 1.689998396579585727e+00
1.324143667928874557e-02 0.000000000000000000e+00 inf -inf
1.395719001330435541e-02 0.000000000000000000e+00 inf -inf
1.467294334731996178e-02 0.000000000000000000e+00 inf -inf
1.538869668133556988e-02 0.000000000000000000e+00 inf -inf
1.610445001535117798e-02 0.000000000000000000e+00 inf -inf
1.682020334936678435e-02 1.885032345961013789e+01 3.772763025465980746e+00 1.275318806823962703e+00
1.753595668338239072e-02 0.000000000000000000e+00 inf -inf
1.825171001739800056e-02 0.000000000000000000e+00 inf -inf
1.896746335141361040e-02 0.000000000000000000e+00 inf -inf
1.968321668542921676e-02 0.000000000000000000e+00 inf -inf
2.039897001944482313e-02 0.000000000000000000e+00 inf -inf
2.111472335346043297e-02 6.786779345657542706e+00 4.794316593002680094e+00 8.316637294741933140e-01
2.183047668747604281e-02 0.000000000000000000e+00 inf -inf
2.254623002149164918e-02 0.000000000000000000e+00 inf -inf
2.326198335550725554e-02 0.000000000000000000e+00 inf -inf
2.397773668952286191e-02 0.000000000000000000e+00 inf -inf
2.469349002353847175e-02 2.060141798741840002e+00 5.986518284100576182e+00 3.138971137146518986e-01
2.540924335755408159e-02 0.000000000000000000e+00 inf -inf
2.612499669156968796e-02 0.000000000000000000e+00 inf -inf
2.684075002558529432e-02 0.000000000000000000e+00 inf -inf
2.755650335960090416e-02 0.000000000000000000e+00 inf -inf
2.827225669361651400e-02 0.000000000000000000e+00 inf -inf
2.898801002763212037e-02 1.623434456709106577e+00 6.224749158726931242e+00 2.104347594454407389e-01
2.970376336164772674e-02 0.000000000000000000e+00 inf -inf
3.041951669566333311e-02 0.000000000000000000e+00 inf -inf
3.113527002967894641e-02 0.000000000000000000e+00 inf -inf
3.185102336369455278e-02 0.000000000000000000e+00 inf -inf
3.256677669771015915e-02 0.000000000000000000e+00 inf -inf
3.328253003172576552e-02 6.183834337844900109e-01 7.189939669776455489e+00 -2.087421534887473895e-01
3.399828336574137189e-02 0.000000000000000000e+00 inf -inf
3.471403669975697825e-02 0.000000000000000000e+00 inf -inf
3.542979003377259156e-02 0.000000000000000000e+00 inf -inf
3.614554336778819793e-02 0.000000000000000000e+00 inf -inf
3.686129670180380430e-02 0.000000000000000000e+00 inf -inf
3.757705003581941761e-02 3.562636309586852956e-01 7.741377384664883010e+00 -4.482285101781300907e-01
3.829280336983502397e-02 0.000000000000000000e+00 inf -inf
3.900855670385063034e-02 0.000000000000000000e+00 inf -inf
3.972431003786623671e-02 0.000000000000000000e+00 inf -inf
4.044006337188184308e-02 0.000000000000000000e+00 inf -inf
4.115581670589744945e-02 0.000000000000000000e+00 inf -inf
4.187157003991306276e-02 2.778842879373707216e-04 1.489759886023647439e+01 -3.556136008296419071e+00
4.258732337392866912e-02 0.000000000000000000e+00 inf -inf
4.330307670794427549e-02 0.000000000000000000e+00 inf -inf
4.401883004195988880e-02 0.000000000000000000e+00 inf -inf
4.473458337597549517e-02 0.000000000000000000e+00 inf -inf
4.545033670999110154e-02 0.000000000000000000e+00 inf -inf
4.616609004400670790e-02 1.483327414034062985e-01 8.617590374904594341e+00 -8.287629768111841599e-01
4.688184337802231427e-02 0.000000000000000000e+00 inf -inf
4.759759671203792064e-02 0.000000000000000000e+00 inf -inf
4.831335004605353395e-02 0.000000000000000000e+00 inf -inf
4.902910338006914032e-02 0.000000000000000000e+00 inf -inf
4.974485671408474668e-02 1.262702825093990622e-02 1.108120876205810745e+01 -1.898698847867344552e+00
5.046061004810035999e-02 0.000000000000000000e+00 inf -inf
5.117636338211596636e-02 0.000000000000000000e+00 inf -inf
5.189211671613157273e-02 0.000000000000000000e+00 inf -inf
5.260787005014717910e-02 0.000000000000000000e+00 inf -inf
5.332362338416278547e-02 0.000000000000000000e+00 inf -inf
5.403937671817839183e-02 0.000000000000000000e+00 inf -inf
5.475513005219400514e-02 0.000000000000000000e+00 inf -inf
5.547088338620961151e-02 0.000000000000000000e+00 inf -inf
5.618663672022521788e-02 0.000000000000000000e+00 inf -inf
5.690239005424083119e-02 0.000000000000000000e+00 inf -inf
5.761814338825643755e-02 0.000000000000000000e+00 inf -inf
5.833389672227204392e-02 0.000000000000000000e+00 inf -inf
5.904965005628765029e-02 0.000000000000000000e+00 inf -inf
5.976540339030325666e-02 0.000000000000000000e+00 inf -inf
6.048115672431886303e-02 0.000000000000000000e+00 inf -inf
6.119691005833447633e-02 0.000000000000000000e+00 inf -inf
6.191266339235008270e-02 0.000000000000000000e+00 inf -inf
6.262841672636569601e-02 0.000000000000000000e+00 inf -inf
6.334417006038130238e-02 0.000000000000000000e+00 inf -inf
6.405992339439690875e-02 0.000000000000000000e+00 inf -inf
6.477567672841251512e-02 0.000000000000000000e+00 inf -inf
6.549143006242812148e-02 0.000000000000000000e+00 inf -inf
6.620718339644372785e-02 0.000000000000000000e+00 inf -inf
6.692293673045933422e-02 0.000000000000000000e+00 inf -inf
6.763869006447494059e-02 0.000000000000000000e+00 inf -inf
6.835444339849054696e-02 0.000000000000000000e+00 inf -inf
6.907019673250616720e-02 0.000000000000000000e+00 inf -inf
6.978595006652177357e-02 0.000000000000000000e+00 inf -inf
7.050170340053737994e-02 0.000000000000000000e+00 inf -inf
7.121745673455298631e-02 0.000000000000000000e+00 inf -inf
