# created by program: /home/aporutho/.conda/envs/westpa-2020.05/westpa-2020.05/lib/west_tools/plothist.py
# created by user:    aporutho
# created on host:    bhg0001
# created at:         Mon Nov 21 12:44:09 2022
# source data: /gpfs/fs2/scratch/aporutho/LipidPhase/Simulation/Weighted_Ensemble_3/Analysis/ClusterLipids2Total_OtherCVs_AuxData/DPPC_DAPC_CHOL/423K/multi_west/CHE.h5 dimension 0
# column 0: midpoint of bin
# column 1: probability in bin
# column 2: -ln P
# column 3: log10 P
3.764693511915206958e+00 4.209117612304896089e-04 8.731537633145251220e+00 -3.375808938908335222e+00
3.778102199411392359e+00 6.895093219002503962e-07 1.514573591362600169e+01 -6.161459857954451280e+00
3.791510886907577316e+00 7.519466901317595198e-05 1.045388051392245643e+01 -4.123812947975225462e+00
3.804919574403762716e+00 7.943638609551798404e-04 8.096419232138774902e+00 -3.099980521996005489e+00
3.818328261899948117e+00 1.245911225816972914e-03 7.646338402111862109e+00 -2.904512901104882250e+00
3.831736949396133518e+00 1.105725922781666988e-02 5.463118416636479679e+00 -1.956352508632025478e+00
3.845145636892318919e+00 1.531290065534634225e-02 5.137509919391259672e+00 -1.814942535017616487e+00
3.858554324388503876e+00 1.360911568067015714e-02 5.255465733752529900e+00 -1.866170094303120308e+00
3.871963011884689276e+00 2.334422166564780951e-02 4.715856085250180740e+00 -1.631820601576796870e+00
3.885371699380874677e+00 2.172688424372727287e-02 4.787655173623534210e+00 -1.663002549463028279e+00
3.898780386877060078e+00 3.935904824028665233e-02 4.193479681596344655e+00 -1.404955411993470404e+00
3.912189074373245035e+00 7.035573718939094889e-02 3.612641240277799426e+00 -1.152700482051540520e+00
3.925597761869430435e+00 1.235288422847724554e-01 3.049730903031988571e+00 -9.082316287793862353e-01
3.939006449365615836e+00 1.753669594482222815e-01 2.699324882994372565e+00 -7.560522278513693850e-01
3.952415136861801237e+00 2.440182567034017702e-01 2.368962527551949471e+00 -6.125776798541643364e-01
3.965823824357986638e+00 4.160992970729300855e-01 1.835281645935986639e+00 -3.808030178710890001e-01
3.979232511854171594e+00 5.589725948576386161e-01 1.540105125947083264e+00 -2.526094840525033303e-01
3.992641199350356995e+00 6.250684380914741656e-01 1.428344427913039727e+00 -2.040724296026626694e-01
4.006049886846541952e+00 8.540783211116970142e-01 1.116182672114000463e+00 -6.850230159790945961e-02
4.019458574342728241e+00 1.200699564535385733e+00 7.755459362400202172e-01 7.943435312569561979e-02
4.032867261838912754e+00 1.309441698839451940e+00 6.888494313400845837e-01 1.170861668040358849e-01
4.046275949335099043e+00 1.678444509286600717e+00 4.405828164315436224e-01 2.249069876996148132e-01
4.059684636831283555e+00 1.918732165654188249e+00 3.067856560817598943e-01 2.830143561338504532e-01
4.073093324327468068e+00 1.987040078521834952e+00 2.718041598842997342e-01 2.982066269011269810e-01
4.086502011823654357e+00 2.344212482098755768e+00 1.065007766529731947e-01 3.699969740784306294e-01
4.099910699319838869e+00 2.346761011310890765e+00 1.054142092415587539e-01 3.704688643094238287e-01
4.113319386816025158e+00 2.463478419483975390e+00 5.687595075928830735e-02 3.915487621294675979e-01
4.126728074312209671e+00 2.607652245225188015e+00 0.000000000000000000e+00 4.162496736972275402e-01
4.140136761808395960e+00 2.510020995109826902e+00 3.815917592457396257e-02 3.996773541592096857e-01
4.153545449304580472e+00 2.453263502072112079e+00 6.103111378060133152e-02 3.897441977579029215e-01
4.166954136800766761e+00 2.278237130549957357e+00 1.350483380720860493e-01 3.575989256823157714e-01
4.180362824296951274e+00 2.277771101094145934e+00 1.352529160419851939e-01 3.575100785988696295e-01
4.193771511793135787e+00 2.237465490180963190e+00 1.531065459537498397e-01 3.497563456462473575e-01
4.207180199289322076e+00 2.142583184984319988e+00 1.964380967524177457e-01 3.309376922420754763e-01
4.220588886785506588e+00 1.940735241035161263e+00 2.953834021179801983e-01 2.879662921115794250e-01
4.233997574281692877e+00 2.097545513135933071e+00 2.176824357413397193e-01 3.217113930475045125e-01
4.247406261777877390e+00 1.960820646799337874e+00 2.850872106591199051e-01 2.924378712467818886e-01
4.260814949274063679e+00 1.691064890205698168e+00 4.330918505736965907e-01 2.281602728358034515e-01
4.274223636770248191e+00 1.718501835436374359e+00 4.169974082660844461e-01 2.351500003193096322e-01
4.287632324266434480e+00 1.787254041039311625e+00 3.777699069190816328e-01 2.521862876931653119e-01
4.301041011762618993e+00 1.820592132770467719e+00 3.592884977681652936e-01 2.602126617052045732e-01
4.314449699258803506e+00 1.638014626515032601e+00 4.649653787315050635e-01 2.143177754380793110e-01
4.327858386754989795e+00 1.547417873035315639e+00 5.218626401870272158e-01 1.896076087525394582e-01
4.341267074251174307e+00 1.564769439711229726e+00 5.107118033480588792e-01 1.944503556603069117e-01
4.354675761747360596e+00 1.434493434096607789e+00 5.976385143273195144e-01 1.566985647520151570e-01
4.368084449243545109e+00 1.444442014201571700e+00 5.907271959708049192e-01 1.597001121769261178e-01
4.381493136739731398e+00 1.380261714937298434e+00 6.361771639254742983e-01 1.399614418915335889e-01
4.394901824235915910e+00 1.261310520953402348e+00 7.262990171857944821e-01 1.008220183216819443e-01
4.408310511732102199e+00 1.500950503269578018e+00 5.523517173476522046e-01 1.763663707833575400e-01
4.421719199228286712e+00 1.312404641373847713e+00 6.865892349660278615e-01 1.180677576173064652e-01
4.435127886724471225e+00 1.529067019228813384e+00 5.337925355666093274e-01 1.844265210195038251e-01
4.448536574220657513e+00 1.221137359456722082e+00 7.586676073101215056e-01 8.676451824369865728e-02
4.461945261716842026e+00 1.268357456088020419e+00 7.207275718995151959e-01 1.032416662657389406e-01
4.475353949213028315e+00 1.163736465709461987e+00 8.068143739725590624e-01 6.585464316071856783e-02
4.488762636709212828e+00 1.097039438108966314e+00 8.658351620978241847e-01 4.022224056033492368e-02
4.502171324205399117e+00 9.998130636036313135e-01 9.586372474900265450e-01 -8.119303461291447013e-05
4.515580011701583629e+00 9.865833883049764941e-01 9.719577212581653747e-01 -5.866201288452620004e-03
4.528988699197769918e+00 9.387086910042375942e-01 1.021700374747351425e+00 -2.746916121403165587e-02
4.542397386693954431e+00 8.241001878753746457e-01 1.151913462855268744e+00 -8.401998685088205021e-02
4.555806074190139832e+00 6.971148033558048906e-01 1.319255464706808434e+00 -1.566956948456495469e-01
4.569214761686325232e+00 5.419179227873616167e-01 1.571091016600302037e+00 -2.660664853800537855e-01
4.582623449182509745e+00 5.534544849056134419e-01 1.550026055259678959e+00 -2.569180889083159114e-01
4.596032136678696034e+00 4.501166061172985344e-01 1.756698898698543454e+00 -3.466749643730694386e-01
4.609440824174880547e+00 3.519710410775572784e-01 2.002656670053276855e+00 -4.534930672536519047e-01
4.622849511671066836e+00 2.683214416042485340e-01 2.274019901835383273e+00 -5.713446214080537544e-01
4.636258199167251348e+00 1.594587168108418940e-01 2.794420512650208188e+00 -7.973517350640140222e-01
4.649666886663437637e+00 1.570654737910303078e-01 2.809542823669641365e+00 -8.039192712933787011e-01
4.663075574159622150e+00 1.060705793006233577e-01 3.202100857604970319e+00 -9.744050592582813586e-01
4.676484261655807551e+00 6.944163315291106142e-02 3.625718983618349878e+00 -1.158380073820088452e+00
4.689892949151992951e+00 3.871842008406462671e-02 4.209890114639156522e+00 -1.412082372509606110e+00
4.703301636648177464e+00 2.740558741163467635e-02 4.555458659863216297e+00 -1.562160884819749684e+00
4.716710324144363753e+00 2.987291179501217614e-02 4.469253462867224691e+00 -1.524722443453008003e+00
4.730119011640548266e+00 1.544149530126676453e-02 5.129147186756677357e+00 -1.811310646380785316e+00
4.743527699136734554e+00 9.659947802826350863e-03 5.598217327825306455e+00 -2.015025220272470552e+00
4.756936386632919067e+00 5.361879417590320780e-03 6.186891021367165067e+00 -2.270682957019305892e+00
4.770345074129105356e+00 9.812204648166482010e-03 5.582578589495394539e+00 -2.008233402511861332e+00
4.783753761625289869e+00 3.872317581476029339e-03 6.512352386540829485e+00 -2.412029031986927752e+00
4.797162449121475269e+00 2.092422857530079963e-03 7.127882916073483344e+00 -2.679350544405946000e+00
4.810571136617660670e+00 8.599717524001573247e-04 8.017061308921364926e+00 -3.065515813847382365e+00
4.823979824113845183e+00 8.006843446261920245e-04 8.088494058804867493e+00 -3.096538662948962628e+00
4.837388511610031472e+00 1.420603833099783541e-04 9.817708649791173414e+00 -3.847527017840903785e+00
4.850797199106215984e+00 3.420147934610019350e-05 1.124169195271616495e+01 -4.465955108623594683e+00
4.864205886602402273e+00 8.941804734515240596e-05 1.028063831790734817e+01 -4.048574818213062088e+00
4.877614574098586786e+00 3.003001917320257855e-05 1.137176333111982629e+01 -4.522444390517854629e+00
4.891023261594773075e+00 3.199619203443474715e-07 1.591351414077635873e+01 -6.494901705331312947e+00
4.904431949090957588e+00 7.591384874453912931e-06 1.274694681641712179e+01 -5.119678989786951462e+00
4.917840636587142988e+00 2.448149416163662873e-06 1.387862845278112012e+01 -5.611162079731078833e+00
4.931249324083328389e+00 1.484906645900327996e-05 1.207602385302408976e+01 -4.828300849003180240e+00
4.944658011579512902e+00 9.733564555453069946e-11 2.401130614053217727e+01 -1.001172808642556333e+01
4.958066699075699191e+00 3.893287517454660741e-10 2.262504730267365360e+01 -9.409683522653992327e+00
4.971475386571883703e+00 3.060430375132203446e-07 1.595799039303450861e+01 -6.514217496262764584e+00
4.984884074068069992e+00 3.893362070081023999e-10 2.262502815384063481e+01 -9.409675206421477256e+00
4.998292761564254505e+00 0.000000000000000000e+00 inf -inf
5.011701449060440794e+00 0.000000000000000000e+00 inf -inf
5.025110136556625307e+00 0.000000000000000000e+00 inf -inf
5.038518824052810707e+00 2.447565407217471958e-06 1.387886703242475939e+01 -5.611265693553805889e+00
5.051927511548996108e+00 9.733564555453069946e-11 2.401130614053217727e+01 -1.001172808642556333e+01
5.065336199045180621e+00 0.000000000000000000e+00 inf -inf
5.078744886541366910e+00 0.000000000000000000e+00 inf -inf
5.092153574037551422e+00 0.000000000000000000e+00 inf -inf
