# created by program: /home/aporutho/.conda/envs/westpa-2020.02/westpa-2020.03/lib/west_tools/plothist.py
# created by user:    aporutho
# created on host:    bhc0136
# created at:         Mon Aug  8 03:40:06 2022
# source data: /gpfs/fs2/scratch/aporutho/LipidPhase/Simulation/Weighted_Ensemble_3/Analysis/ClusterLipids2Total_AuxData/DPPC_DIPC_CHOL/353K/multi_west/clusbydppc.h5 dimension 0
# column 0: midpoint of bin
# column 1: probability in bin
# column 2: -ln P
# column 3: log10 P
1.333623984366655302e-01 0.000000000000000000e+00 inf -inf
1.416330811113118981e-01 0.000000000000000000e+00 inf -inf
1.499037637859582939e-01 0.000000000000000000e+00 inf -inf
1.581744464606046896e-01 0.000000000000000000e+00 inf -inf
1.664451291352510576e-01 0.000000000000000000e+00 inf -inf
1.747158118098974255e-01 0.000000000000000000e+00 inf -inf
1.829864944845437935e-01 0.000000000000000000e+00 inf -inf
1.912571771591901615e-01 0.000000000000000000e+00 inf -inf
1.995278598338365850e-01 0.000000000000000000e+00 inf -inf
2.077985425084829529e-01 0.000000000000000000e+00 inf -inf
2.160692251831293209e-01 0.000000000000000000e+00 inf -inf
2.243399078577756889e-01 0.000000000000000000e+00 inf -inf
2.326105905324220569e-01 0.000000000000000000e+00 inf -inf
2.408812732070684526e-01 0.000000000000000000e+00 inf -inf
2.491519558817148483e-01 0.000000000000000000e+00 inf -inf
2.574226385563612163e-01 0.000000000000000000e+00 inf -inf
2.656933212310075842e-01 0.000000000000000000e+00 inf -inf
2.739640039056540077e-01 0.000000000000000000e+00 inf -inf
2.822346865803003757e-01 0.000000000000000000e+00 inf -inf
2.905053692549467437e-01 0.000000000000000000e+00 inf -inf
2.987760519295931116e-01 0.000000000000000000e+00 inf -inf
3.070467346042394796e-01 0.000000000000000000e+00 inf -inf
3.153174172788858476e-01 1.041446171698549736e-04 1.095838268744082455e+01 -3.982363172128545958e+00
3.235880999535322156e-01 8.449440299215919576e-05 1.116747787498323241e+01 -4.073172058270739804e+00
3.318587826281785835e-01 1.013091158916678463e-03 8.683401681114604642e+00 -2.994351474646361755e+00
3.401294653028249515e-01 1.971246395525368816e-03 8.017741860620175132e+00 -2.705259087780921945e+00
3.484001479774713750e-01 6.704159683722715063e-03 6.793679709324131899e+00 -2.173655649966427017e+00
3.566708306521177430e-01 4.073141997876960491e-03 7.291993200117167895e+00 -2.390070449275789155e+00
3.649415133267641664e-01 2.501808091432326103e-02 5.476809091359696957e+00 -1.601746007203947553e+00
3.732121960014105344e-01 3.954865413146472358e-02 5.018876227302418336e+00 -1.402868291261719413e+00
3.814828786760569024e-01 9.081430746553852129e-02 4.187591046990711163e+00 -1.041845724564395059e+00
3.897535613507032703e-01 1.362968623984751881e-01 3.781572572774195784e+00 -8.655141416613849614e-01
3.980242440253496383e-01 1.656636475109458662e-01 3.586448378408841009e+00 -7.807727807626938521e-01
4.062949266999960063e-01 2.735934992589703629e-01 3.084764465943552914e+00 -5.628942259193849829e-01
4.145656093746423743e-01 5.322866546593796322e-01 2.419225722615762741e+00 -2.738544221993010619e-01
4.228362920492887977e-01 6.870160932119163677e-01 2.164050174098454349e+00 -1.630330895615987319e-01
4.311069747239351657e-01 1.078546551357116190e+00 1.713038263436446718e+00 3.283889451155366790e-02
4.393776573985815337e-01 1.563507242928414032e+00 1.341721081994746267e+00 1.940998974475526828e-01
4.476483400732279017e-01 1.904503185323614067e+00 1.144431432949161609e+00 2.797817033646792795e-01
4.559190227478743251e-01 2.286608865590640693e+00 9.615827370974451282e-01 3.591918829962857385e-01
4.641897054225206931e-01 3.303852607563245058e+00 5.935633680471730234e-01 5.190206642083353694e-01
4.724603880971670611e-01 3.769008439585187720e+00 4.618406589159471665e-01 5.762271099253738482e-01
4.807310707718134291e-01 4.227667983769586080e+00 3.470020754483189585e-01 6.261008730349506557e-01
4.890017534464597970e-01 4.751116113102889393e+00 2.302730507844525931e-01 6.767956443244164122e-01
4.972724361211061650e-01 5.321698303153437948e+00 1.168601300825695688e-01 7.260502499617753625e-01
5.055431187957525330e-01 5.160799124967973661e+00 1.475611757268364688e-01 7.127169552498103799e-01
5.138138014703989009e-01 5.586675985661737620e+00 6.826813794684150061e-02 7.471534840110083397e-01
5.220844841450452689e-01 5.981387786798634032e+00 0.000000000000000000e+00 7.768019596111315206e-01
5.303551668196916369e-01 5.823005421489423128e+00 2.683608850713370408e-02 7.651471944566160532e-01
5.386258494943380049e-01 5.207533447387755920e+00 1.385462953506737538e-01 7.166320680521957032e-01
5.468965321689844838e-01 5.335690759038603126e+00 1.142342591786225103e-01 7.271906512055498206e-01
5.551672148436308518e-01 5.174401849245916729e+00 1.449288646249253798e-01 7.138601534360229373e-01
5.634378975182772198e-01 3.889153183417854098e+00 4.304611691149293762e-01 5.898550491908952642e-01
5.717085801929235878e-01 4.761640283737373913e+00 2.280604061020632400e-01 6.777565837003907134e-01
5.799792628675699557e-01 4.207576204831832811e+00 3.517658538250245659e-01 6.240319903729374396e-01
5.882499455422163237e-01 4.136391755332468279e+00 3.688287612812612970e-01 6.166216638194679245e-01
5.965206282168626917e-01 4.371786798308816557e+00 3.134808085380846876e-01 6.406589742804714716e-01
6.047913108915091707e-01 3.892524857637985836e+00 4.295946016693639180e-01 5.902313946507014020e-01
6.130619935661555386e-01 3.728401140714776574e+00 4.726731192514401769e-01 5.715226321762332251e-01
6.213326762408019066e-01 3.164632438558738325e+00 6.366156967137885925e-01 5.003232754353390543e-01
6.296033589154482746e-01 3.422680662347136415e+00 5.582285489608938001e-01 5.343663811565561028e-01
6.378740415900946426e-01 3.305681017404240585e+00 5.930101036290214012e-01 5.192609438921720333e-01
6.461447242647410105e-01 2.827638978956348303e+00 7.492105320160917792e-01 4.514239597727432440e-01
6.544154069393873785e-01 2.572905498714999517e+00 8.436168078388386338e-01 4.104238351258879813e-01
6.626860896140337465e-01 2.161929509762165580e+00 1.017651497903977464e+00 3.348415295708555006e-01
6.709567722886801144e-01 1.510172896295507217e+00 1.376428467279092294e+00 1.790266715372711148e-01
6.792274549633264824e-01 1.303236368169339077e+00 1.523801927671681433e+00 1.150231909097822330e-01
6.874981376379728504e-01 1.118799726686053875e+00 1.676396174355566870e+00 4.875235160478715718e-02
6.957688203126192183e-01 8.545110793065240351e-01 1.945878423084096864e+00 -6.828230198889299885e-02
7.040395029872656973e-01 5.253621178249078261e-01 2.432320118328736847e+00 -2.795412460013035338e-01
7.123101856619120653e-01 3.769819952693796994e-01 2.764210462989880490e+00 -4.236793912846064103e-01
7.205808683365584333e-01 1.791030034574656038e-01 3.508446812741809140e+00 -7.468971312136877261e-01
7.288515510112048013e-01 1.006943790476494266e-01 4.084317912016663499e+00 -9.969947719163165800e-01
7.371222336858511692e-01 4.035636129570424613e-02 4.998658856171776854e+00 -1.394087998541091888e+00
7.453929163604975372e-01 1.235105296997222532e-02 6.182666571225298391e+00 -1.908296015719713745e+00
7.536635990351439052e-01 3.714147173641339696e-03 7.384258802525017096e+00 -2.430140891270997638e+00
7.619342817097902731e-01 2.837677437415528098e-04 9.956007070523044789e+00 -3.547036972906786545e+00
7.702049643844366411e-01 3.024751042915242217e-04 9.892164196152080535e+00 -3.519310364858634355e+00
7.784756470590830091e-01 0.000000000000000000e+00 inf -inf
7.867463297337293771e-01 0.000000000000000000e+00 inf -inf
7.950170124083758560e-01 0.000000000000000000e+00 inf -inf
8.032876950830222240e-01 0.000000000000000000e+00 inf -inf
8.115583777576685920e-01 0.000000000000000000e+00 inf -inf
8.198290604323149600e-01 0.000000000000000000e+00 inf -inf
8.280997431069613279e-01 0.000000000000000000e+00 inf -inf
8.363704257816076959e-01 0.000000000000000000e+00 inf -inf
8.446411084562540639e-01 0.000000000000000000e+00 inf -inf
8.529117911309004318e-01 0.000000000000000000e+00 inf -inf
8.611824738055467998e-01 0.000000000000000000e+00 inf -inf
8.694531564801931678e-01 0.000000000000000000e+00 inf -inf
8.777238391548396468e-01 0.000000000000000000e+00 inf -inf
8.859945218294860148e-01 0.000000000000000000e+00 inf -inf
8.942652045041323827e-01 0.000000000000000000e+00 inf -inf
9.025358871787787507e-01 0.000000000000000000e+00 inf -inf
9.108065698534251187e-01 0.000000000000000000e+00 inf -inf
9.190772525280714866e-01 0.000000000000000000e+00 inf -inf
9.273479352027178546e-01 0.000000000000000000e+00 inf -inf
9.356186178773642226e-01 0.000000000000000000e+00 inf -inf
9.438893005520105906e-01 0.000000000000000000e+00 inf -inf
9.521599832266569585e-01 0.000000000000000000e+00 inf -inf
