# created by program: /home/aporutho/.conda/envs/westpa-2020.02/westpa-2020.03/lib/west_tools/plothist.py
# created by user:    aporutho
# created on host:    bhc0136
# created at:         Mon Aug  8 03:25:51 2022
# source data: /gpfs/fs2/scratch/aporutho/LipidPhase/Simulation/Weighted_Ensemble_3/Analysis/ClusterLipids2Total_AuxData/DPPC_DAPC_CHOL/373K/multi_west/corebychol.h5 dimension 0
# column 0: midpoint of bin
# column 1: probability in bin
# column 2: -ln P
# column 3: log10 P
4.841266971081495591e-04 5.499407024181625729e+02 0.000000000000000000e+00 2.740315864038016080e+00
1.452380091324448732e-03 0.000000000000000000e+00 inf -inf
2.420633485540747958e-03 0.000000000000000000e+00 inf -inf
3.388886879757046968e-03 0.000000000000000000e+00 inf -inf
4.357140273973346412e-03 2.126782688546702502e+02 9.500299096975011182e-01 2.327723116613347187e+00
5.325393668189645421e-03 0.000000000000000000e+00 inf -inf
6.293647062405944431e-03 0.000000000000000000e+00 inf -inf
7.261900456622243441e-03 0.000000000000000000e+00 inf -inf
8.230153850838542451e-03 1.003519190802517045e+02 1.701127259700569994e+00 2.001525682134858375e+00
9.198407245054843195e-03 0.000000000000000000e+00 inf -inf
1.016666063927114047e-02 0.000000000000000000e+00 inf -inf
1.113491403348744122e-02 0.000000000000000000e+00 inf -inf
1.210316742770373849e-02 5.242896312274260850e+01 2.350351288651694848e+00 1.719571268842387868e+00
1.307142082192003923e-02 0.000000000000000000e+00 inf -inf
1.403967421613633651e-02 0.000000000000000000e+00 inf -inf
1.500792761035263725e-02 0.000000000000000000e+00 inf -inf
1.597618100456893453e-02 0.000000000000000000e+00 inf -inf
1.694443439878523527e-02 3.496615304754225662e+01 2.755429920824253642e+00 1.543647854152928600e+00
1.791268779300153602e-02 0.000000000000000000e+00 inf -inf
1.888094118721783329e-02 0.000000000000000000e+00 inf -inf
1.984919458143413057e-02 0.000000000000000000e+00 inf -inf
2.081744797565043131e-02 2.619351312963178557e+01 3.044298668989632972e+00 1.418193750830404332e+00
2.178570136986673206e-02 0.000000000000000000e+00 inf -inf
2.275395476408302933e-02 0.000000000000000000e+00 inf -inf
2.372220815829932661e-02 0.000000000000000000e+00 inf -inf
2.469046155251562735e-02 1.806961159337015488e+01 3.415578848812069968e+00 1.256948817493472870e+00
2.565871494673192810e-02 0.000000000000000000e+00 inf -inf
2.662696834094822537e-02 0.000000000000000000e+00 inf -inf
2.759522173516452265e-02 0.000000000000000000e+00 inf -inf
2.856347512938082339e-02 0.000000000000000000e+00 inf -inf
2.953172852359712414e-02 1.316422158709514889e+01 3.732307794880802554e+00 1.119395183956789719e+00
3.049998191781342141e-02 0.000000000000000000e+00 inf -inf
3.146823531202971869e-02 0.000000000000000000e+00 inf -inf
3.243648870624601943e-02 0.000000000000000000e+00 inf -inf
3.340474210046232018e-02 8.845249238729794072e+00 4.129929952925903258e+00 9.467100748353397544e-01
3.437299549467862092e-02 0.000000000000000000e+00 inf -inf
3.534124888889492166e-02 0.000000000000000000e+00 inf -inf
3.630950228311121547e-02 0.000000000000000000e+00 inf -inf
3.727775567732751621e-02 4.879984547153113361e+00 4.724668405335976651e+00 6.884184467779650429e-01
3.824600907154381696e-02 0.000000000000000000e+00 inf -inf
3.921426246576011077e-02 0.000000000000000000e+00 inf -inf
4.018251585997641151e-02 0.000000000000000000e+00 inf -inf
4.115076925419271225e-02 0.000000000000000000e+00 inf -inf
4.211902264840901300e-02 3.016327691900721142e+00 5.205770363224717201e+00 4.794785212340342828e-01
4.308727604262531374e-02 0.000000000000000000e+00 inf -inf
4.405552943684160755e-02 0.000000000000000000e+00 inf -inf
4.502378283105790829e-02 0.000000000000000000e+00 inf -inf
4.599203622527420904e-02 2.861860100371745652e+00 5.258338660460406544e+00 4.566483998215248308e-01
4.696028961949050978e-02 0.000000000000000000e+00 inf -inf
4.792854301370680359e-02 0.000000000000000000e+00 inf -inf
4.889679640792310433e-02 0.000000000000000000e+00 inf -inf
4.986504980213940508e-02 2.248235318248448245e+00 5.499664853139904608e+00 3.518417660020977666e-01
5.083330319635570582e-02 0.000000000000000000e+00 inf -inf
5.180155659057200657e-02 0.000000000000000000e+00 inf -inf
5.276980998478830037e-02 0.000000000000000000e+00 inf -inf
5.373806337900460112e-02 1.053623878748922715e+00 6.257574923478290252e+00 2.268560467523118504e-02
5.470631677322090186e-02 0.000000000000000000e+00 inf -inf
5.567457016743719567e-02 0.000000000000000000e+00 inf -inf
5.664282356165349641e-02 0.000000000000000000e+00 inf -inf
5.761107695586979716e-02 0.000000000000000000e+00 inf -inf
5.857933035008609790e-02 9.883082124919910783e-01 6.321571132547894045e+00 -5.107595786424385179e-03
5.954758374430239865e-02 0.000000000000000000e+00 inf -inf
6.051583713851869245e-02 0.000000000000000000e+00 inf -inf
6.148409053273499320e-02 0.000000000000000000e+00 inf -inf
6.245234392695128700e-02 4.906352601903073429e-01 7.021864736803363094e+00 -3.092412438267140851e-01
6.342059732116758775e-02 0.000000000000000000e+00 inf -inf
6.438885071538388849e-02 0.000000000000000000e+00 inf -inf
6.535710410960018923e-02 0.000000000000000000e+00 inf -inf
6.632535750381648998e-02 4.046737732670387389e-01 7.214484493198623838e+00 -3.928949411347244514e-01
6.729361089803279072e-02 0.000000000000000000e+00 inf -inf
6.826186429224909147e-02 0.000000000000000000e+00 inf -inf
6.923011768646539221e-02 0.000000000000000000e+00 inf -inf
7.019837108068169296e-02 0.000000000000000000e+00 inf -inf
7.116662447489797982e-02 6.176798002443927016e-02 9.094180630001300614e+00 -1.209236601002987355e+00
7.213487786911428057e-02 0.000000000000000000e+00 inf -inf
7.310313126333058131e-02 0.000000000000000000e+00 inf -inf
7.407138465754688206e-02 0.000000000000000000e+00 inf -inf
7.503963805176318280e-02 1.026233441290465981e-01 8.586500305130295274e+00 -9.887538373406592473e-01
7.600789144597948355e-02 0.000000000000000000e+00 inf -inf
7.697614484019578429e-02 0.000000000000000000e+00 inf -inf
7.794439823441208504e-02 0.000000000000000000e+00 inf -inf
7.891265162862837190e-02 1.218911358211449865e-02 1.071702251356965618e+01 -1.914027876038203457e+00
7.988090502284467265e-02 0.000000000000000000e+00 inf -inf
8.084915841706097339e-02 0.000000000000000000e+00 inf -inf
8.181741181127727414e-02 0.000000000000000000e+00 inf -inf
8.278566520549357488e-02 0.000000000000000000e+00 inf -inf
8.375391859970987563e-02 0.000000000000000000e+00 inf -inf
8.472217199392617637e-02 0.000000000000000000e+00 inf -inf
8.569042538814247711e-02 0.000000000000000000e+00 inf -inf
8.665867878235877786e-02 0.000000000000000000e+00 inf -inf
8.762693217657506473e-02 0.000000000000000000e+00 inf -inf
8.859518557079136547e-02 0.000000000000000000e+00 inf -inf
8.956343896500766621e-02 0.000000000000000000e+00 inf -inf
9.053169235922396696e-02 0.000000000000000000e+00 inf -inf
9.149994575344026770e-02 2.866625052249281713e-02 9.861845246788368158e+00 -1.542629108025984852e+00
9.246819914765656845e-02 0.000000000000000000e+00 inf -inf
9.343645254187286919e-02 0.000000000000000000e+00 inf -inf
9.440470593608916994e-02 0.000000000000000000e+00 inf -inf
9.537295933030545680e-02 0.000000000000000000e+00 inf -inf
9.634121272452175755e-02 0.000000000000000000e+00 inf -inf
