# created by program: /home/aporutho/.conda/envs/westpa-2020.02/westpa-2020.03/lib/west_tools/plothist.py
# created by user:    aporutho
# created on host:    bhc0136
# created at:         Mon Aug  8 03:35:13 2022
# source data: /gpfs/fs2/scratch/aporutho/LipidPhase/Simulation/Weighted_Ensemble_3/Analysis/ClusterLipids2Total_AuxData/DPPC_DIPC_CHOL/298K/multi_west/clusbydppc.h5 dimension 0
# column 0: midpoint of bin
# column 1: probability in bin
# column 2: -ln P
# column 3: log10 P
1.070292633146047584e-01 0.000000000000000000e+00 inf -inf
1.157737795621156668e-01 0.000000000000000000e+00 inf -inf
1.245182958096265752e-01 0.000000000000000000e+00 inf -inf
1.332628120571374697e-01 0.000000000000000000e+00 inf -inf
1.420073283046484058e-01 0.000000000000000000e+00 inf -inf
1.507518445521592865e-01 0.000000000000000000e+00 inf -inf
1.594963607996702226e-01 0.000000000000000000e+00 inf -inf
1.682408770471811310e-01 0.000000000000000000e+00 inf -inf
1.769853932946920394e-01 0.000000000000000000e+00 inf -inf
1.857299095422029478e-01 0.000000000000000000e+00 inf -inf
1.944744257897138562e-01 0.000000000000000000e+00 inf -inf
2.032189420372247923e-01 0.000000000000000000e+00 inf -inf
2.119634582847356730e-01 0.000000000000000000e+00 inf -inf
2.207079745322466091e-01 0.000000000000000000e+00 inf -inf
2.294524907797574897e-01 0.000000000000000000e+00 inf -inf
2.381970070272684259e-01 0.000000000000000000e+00 inf -inf
2.469415232747793065e-01 0.000000000000000000e+00 inf -inf
2.556860395222902427e-01 0.000000000000000000e+00 inf -inf
2.644305557698011233e-01 0.000000000000000000e+00 inf -inf
2.731750720173120595e-01 0.000000000000000000e+00 inf -inf
2.819195882648229401e-01 0.000000000000000000e+00 inf -inf
2.906641045123338762e-01 0.000000000000000000e+00 inf -inf
2.994086207598447569e-01 0.000000000000000000e+00 inf -inf
3.081531370073556930e-01 0.000000000000000000e+00 inf -inf
3.168976532548666292e-01 0.000000000000000000e+00 inf -inf
3.256421695023775098e-01 0.000000000000000000e+00 inf -inf
3.343866857498884460e-01 0.000000000000000000e+00 inf -inf
3.431312019973993266e-01 0.000000000000000000e+00 inf -inf
3.518757182449102627e-01 0.000000000000000000e+00 inf -inf
3.606202344924211434e-01 0.000000000000000000e+00 inf -inf
3.693647507399320240e-01 0.000000000000000000e+00 inf -inf
3.781092669874429602e-01 0.000000000000000000e+00 inf -inf
3.868537832349538963e-01 0.000000000000000000e+00 inf -inf
3.955982994824648324e-01 0.000000000000000000e+00 inf -inf
4.043428157299757131e-01 0.000000000000000000e+00 inf -inf
4.130873319774865937e-01 0.000000000000000000e+00 inf -inf
4.218318482249975299e-01 0.000000000000000000e+00 inf -inf
4.305763644725084660e-01 0.000000000000000000e+00 inf -inf
4.393208807200193466e-01 0.000000000000000000e+00 inf -inf
4.480653969675302273e-01 0.000000000000000000e+00 inf -inf
4.568099132150411634e-01 0.000000000000000000e+00 inf -inf
4.655544294625520996e-01 0.000000000000000000e+00 inf -inf
4.742989457100629802e-01 0.000000000000000000e+00 inf -inf
4.830434619575738608e-01 0.000000000000000000e+00 inf -inf
4.917879782050847970e-01 0.000000000000000000e+00 inf -inf
5.005324944525957331e-01 0.000000000000000000e+00 inf -inf
5.092770107001065583e-01 0.000000000000000000e+00 inf -inf
5.180215269476176054e-01 0.000000000000000000e+00 inf -inf
5.267660431951284306e-01 0.000000000000000000e+00 inf -inf
5.355105594426393667e-01 0.000000000000000000e+00 inf -inf
5.442550756901503028e-01 0.000000000000000000e+00 inf -inf
5.529995919376611280e-01 0.000000000000000000e+00 inf -inf
5.617441081851720641e-01 0.000000000000000000e+00 inf -inf
5.704886244326830003e-01 0.000000000000000000e+00 inf -inf
5.792331406801939364e-01 0.000000000000000000e+00 inf -inf
5.879776569277048726e-01 6.715780072968571693e-05 1.194554093831357733e+01 -4.172903534490521871e+00
5.967221731752156977e-01 4.481502664253661679e-03 7.744872337960144293e+00 -2.348576341052770022e+00
6.054666894227266338e-01 3.196758663915332064e-03 8.082693365344091774e+00 -2.495290149116505152e+00
6.142112056702375700e-01 9.878505030216623573e-03 6.954469556695935140e+00 -2.005308774668740579e+00
6.229557219177483951e-01 2.335329512098346244e-02 6.094092651445402353e+00 -1.631651832361437293e+00
6.317002381652594423e-01 3.783655890167854363e-02 5.611554942343435215e+00 -1.422088367988216584e+00
6.404447544127702674e-01 6.701116012739018191e-02 5.039971569690269604e+00 -1.173852863297296434e+00
6.491892706602810925e-01 1.923142450114129487e-01 3.985700017402078910e+00 -7.159885457109598228e-01
6.579337869077921397e-01 3.162097150894345732e-01 3.488425095464275039e+00 -5.000247911245011556e-01
6.666783031553029648e-01 3.816282454045820116e-01 3.300383789084943231e+00 -4.183594893940786319e-01
6.754228194028140120e-01 8.693011572866020664e-01 2.477141122905907267e+00 -6.082974220520252079e-02
6.841673356503248371e-01 1.372104085843945942e+00 2.020730074549650368e+00 1.373870575755979373e-01
6.929118518978356622e-01 1.939282535298932020e+00 1.674757387786730778e+00 2.876410863259762363e-01
7.016563681453467094e-01 2.650733959129663919e+00 1.362238897934020532e+00 4.233661419617456567e-01
7.104008843928575345e-01 2.933781257587138924e+00 1.260783342685004582e+00 4.674277297648237739e-01
7.191454006403684707e-01 4.698411371651254775e+00 7.898510197460861804e-01 6.719510389670761974e-01
7.278899168878794068e-01 4.397857581247443193e+00 8.559579563029759974e-01 6.432411612048907212e-01
7.366344331353902319e-01 4.716859210170958328e+00 7.859323087612202219e-01 6.736529135239771593e-01
7.453789493829012791e-01 5.104382782687742370e+00 7.069759254550533889e-01 7.079432351048835503e-01
7.541234656304121042e-01 5.258383657739190475e+00 6.772517751701772060e-01 7.208522695528681856e-01
7.628679818779229294e-01 4.554364213815136786e+00 8.209895241667879429e-01 6.584277583224454888e-01
7.716124981254339765e-01 4.016876989926384312e+00 9.465707327585837216e-01 6.038885324002872812e-01
7.803570143729448017e-01 3.701183357338317492e+00 1.028422870469236194e+00 5.683406006605657979e-01
7.891015306204557378e-01 3.979585643418522611e+00 9.558977611108196992e-01 5.998378554543560837e-01
7.978460468679666739e-01 3.053245700142667829e+00 1.220870276514121722e+00 4.847617541586776158e-01
8.065905631154774991e-01 2.517403195559336115e+00 1.413847573030286853e+00 4.009527791490994919e-01
8.153350793629885462e-01 2.847836934298257461e+00 1.290515729598506800e+00 4.545151181944773189e-01
8.240795956104993714e-01 2.664835846553226695e+00 1.356933005612908083e+00 4.256704617183776351e-01
8.328241118580103075e-01 3.766260288638555220e+00 1.010992922035742758e+00 5.759103310850903767e-01
8.415686281055212437e-01 3.326200193180718134e+00 1.135244895961132761e+00 5.219483844437066145e-01
8.503131443530320688e-01 3.239043719285780831e+00 1.161797327422737114e+00 5.104168099788175539e-01
8.590576606005431159e-01 2.847979824411143834e+00 1.290465555894200866e+00 4.545369083573940205e-01
8.678021768480539411e-01 3.368283869625228188e+00 1.122672088134650359e+00 5.274086855047779299e-01
8.765466930955647662e-01 3.181928891608235777e+00 1.179587882702363144e+00 5.026904699908812946e-01
8.852912093430758134e-01 4.690716617863679438e+00 7.914900975217604717e-01 6.712391965336906852e-01
8.940357255905866385e-01 6.982076064727835707e+00 3.937291622661640567e-01 8.439845758318726965e-01
9.027802418380975746e-01 1.035092062771762400e+01 0.000000000000000000e+00 1.014978978368457962e+00
9.115247580856085108e-01 6.086342154428878715e+00 5.310281954797351212e-01 7.843563633365675525e-01
9.202692743331193359e-01 3.093324019171602490e+00 1.207829218211733613e+00 4.904254138175833111e-01
9.290137905806303831e-01 9.685812247018100729e-01 2.368998398448773468e+00 -1.386395371548548340e-02
9.377583068281412082e-01 1.410666244699285143e-01 4.295598451525954431e+00 -8.505757256014173651e-01
9.465028230756521443e-01 2.252980961914074782e-03 8.432576532965985194e+00 -2.647242478125524379e+00
9.552473393231630805e-01 0.000000000000000000e+00 inf -inf
9.639918555706739056e-01 0.000000000000000000e+00 inf -inf
9.727363718181849528e-01 0.000000000000000000e+00 inf -inf
