# created by program: /home/aporutho/.conda/envs/westpa-2020.02/westpa-2020.03/lib/west_tools/plothist.py
# created by user:    aporutho
# created on host:    bhc0136
# created at:         Mon Aug  8 03:35:52 2022
# source data: /gpfs/fs2/scratch/aporutho/LipidPhase/Simulation/Weighted_Ensemble_3/Analysis/ClusterLipids2Total_AuxData/DPPC_DIPC_CHOL/298K/multi_west/corebydxpc.h5 dimension 0
# column 0: midpoint of bin
# column 1: probability in bin
# column 2: -ln P
# column 3: log10 P
1.724172162443399492e-01 0.000000000000000000e+00 inf -inf
1.802146218508481890e-01 0.000000000000000000e+00 inf -inf
1.880120274573564565e-01 0.000000000000000000e+00 inf -inf
1.958094330638647240e-01 0.000000000000000000e+00 inf -inf
2.036068386703729638e-01 0.000000000000000000e+00 inf -inf
2.114042442768812313e-01 0.000000000000000000e+00 inf -inf
2.192016498833894711e-01 0.000000000000000000e+00 inf -inf
2.269990554898977386e-01 0.000000000000000000e+00 inf -inf
2.347964610964059784e-01 0.000000000000000000e+00 inf -inf
2.425938667029142459e-01 0.000000000000000000e+00 inf -inf
2.503912723094224857e-01 0.000000000000000000e+00 inf -inf
2.581886779159307532e-01 0.000000000000000000e+00 inf -inf
2.659860835224390208e-01 0.000000000000000000e+00 inf -inf
2.737834891289472328e-01 0.000000000000000000e+00 inf -inf
2.815808947354555558e-01 0.000000000000000000e+00 inf -inf
2.893783003419637678e-01 0.000000000000000000e+00 inf -inf
2.971757059484720354e-01 0.000000000000000000e+00 inf -inf
3.049731115549803029e-01 0.000000000000000000e+00 inf -inf
3.127705171614885149e-01 0.000000000000000000e+00 inf -inf
3.205679227679968379e-01 0.000000000000000000e+00 inf -inf
3.283653283745050500e-01 0.000000000000000000e+00 inf -inf
3.361627339810132620e-01 0.000000000000000000e+00 inf -inf
3.439601395875215850e-01 0.000000000000000000e+00 inf -inf
3.517575451940297970e-01 0.000000000000000000e+00 inf -inf
3.595549508005381201e-01 0.000000000000000000e+00 inf -inf
3.673523564070463321e-01 0.000000000000000000e+00 inf -inf
3.751497620135545441e-01 0.000000000000000000e+00 inf -inf
3.829471676200628671e-01 0.000000000000000000e+00 inf -inf
3.907445732265710792e-01 0.000000000000000000e+00 inf -inf
3.985419788330793467e-01 0.000000000000000000e+00 inf -inf
4.063393844395876142e-01 0.000000000000000000e+00 inf -inf
4.141367900460958262e-01 0.000000000000000000e+00 inf -inf
4.219341956526041493e-01 0.000000000000000000e+00 inf -inf
4.297316012591123613e-01 0.000000000000000000e+00 inf -inf
4.375290068656206288e-01 0.000000000000000000e+00 inf -inf
4.453264124721288963e-01 0.000000000000000000e+00 inf -inf
4.531238180786371084e-01 0.000000000000000000e+00 inf -inf
4.609212236851454314e-01 0.000000000000000000e+00 inf -inf
4.687186292916536434e-01 0.000000000000000000e+00 inf -inf
4.765160348981618554e-01 0.000000000000000000e+00 inf -inf
4.843134405046701785e-01 0.000000000000000000e+00 inf -inf
4.921108461111783905e-01 0.000000000000000000e+00 inf -inf
4.999082517176867135e-01 0.000000000000000000e+00 inf -inf
5.077056573241949256e-01 0.000000000000000000e+00 inf -inf
5.155030629307031376e-01 0.000000000000000000e+00 inf -inf
5.233004685372114606e-01 0.000000000000000000e+00 inf -inf
5.310978741437196726e-01 0.000000000000000000e+00 inf -inf
5.388952797502279957e-01 0.000000000000000000e+00 inf -inf
5.466926853567362077e-01 0.000000000000000000e+00 inf -inf
5.544900909632444197e-01 5.997669095436268874e-04 9.448397208823392290e+00 -3.222017498894996113e+00
5.622874965697527427e-01 5.263317902770311627e-03 7.276421417598060160e+00 -2.278740397938384454e+00
5.700849021762609548e-01 1.274285314210915794e-02 6.392212448913396017e+00 -1.894733321989269692e+00
5.778823077827691668e-01 7.050295816985875652e-02 4.681528356689867110e+00 -1.151792660456917972e+00
5.856797133892774898e-01 1.111118023938366811e-01 4.226646102312859199e+00 -9.542398074652717055e-01
5.934771189957857018e-01 2.098688923647702154e-01 3.590700011809185632e+00 -6.780519295715805583e-01
6.012745246022940249e-01 2.779675740280329044e-01 3.309678558783243130e+00 -5.560058632259798905e-01
6.090719302088022369e-01 5.024192569960130861e-01 2.717748081056551968e+00 -2.989337230789221311e-01
6.168693358153104489e-01 9.539870946969604137e-01 2.076532881698484712e+00 -2.045750028522011141e-02
6.246667414218187719e-01 1.777834829439030484e+00 1.454031510553722040e+00 2.498914101801584797e-01
6.324641470283269840e-01 2.402371580130349571e+00 1.152971338667376333e+00 3.806401815512430176e-01
6.402615526348353070e-01 3.036270918285892684e+00 9.187976556776289438e-01 4.823405198806516303e-01
6.480589582413435190e-01 4.529438769745746107e+00 5.188297065704630118e-01 6.560443931160544473e-01
6.558563638478517310e-01 4.694251579606297575e+00 4.830890545129691294e-01 6.715663610842481646e-01
6.636537694543600541e-01 4.346251885294450723e+00 5.601139083870083635e-01 6.381148920773486166e-01
6.714511750608682661e-01 4.772599410832399691e+00 4.665366401727761847e-01 6.787549832943702288e-01
6.792485806673764781e-01 4.863450873097116656e+00 4.476795043672208152e-01 6.869445333192231162e-01
6.870459862738848011e-01 5.725412370849786825e+00 2.845131698127791875e-01 7.578067720485970327e-01
6.948433918803931242e-01 3.909913058771969929e+00 6.659126083599478108e-01 5.921671004865632915e-01
7.026407974869013362e-01 3.312221150044958318e+00 8.318087398514073527e-01 5.201193260107261906e-01
7.104382030934095482e-01 3.243527584506471051e+00 8.527662483174542896e-01 5.110175957294812443e-01
7.182356086999177602e-01 2.696292757060939405e+00 1.037549969932863636e+00 4.307670450863623768e-01
7.260330143064260833e-01 2.997020850771469291e+00 9.318090009771198279e-01 4.766897644149449276e-01
7.338304199129344063e-01 3.446369813688253902e+00 7.921062973554326980e-01 5.373618777048091433e-01
7.416278255194426183e-01 3.480388000987599373e+00 7.822839643938199750e-01 5.416276627094539498e-01
7.494252311259508303e-01 2.984820360658519078e+00 9.358881821520934619e-01 4.749181985399703043e-01
7.572226367324590424e-01 3.443360621549447664e+00 7.929798271280239508e-01 5.369825085447945678e-01
7.650200423389673654e-01 2.591649117192243335e+00 1.077133348628939391e+00 4.135762021435699376e-01
7.728174479454755774e-01 2.030115068055474481e+00 1.321335271283414103e+00 3.075206546645668504e-01
7.806148535519839005e-01 2.113176029825313940e+00 1.281235703327728404e+00 3.249356757544256125e-01
7.884122591584921125e-01 1.792435217238028233e+00 1.445852594674142289e+00 2.534434682146109452e-01
7.962096647650003245e-01 2.006091291834156021e+00 1.333239548608681435e+00 3.023506927111572762e-01
8.040070703715086475e-01 1.296182514453144918e+00 1.770004329433860324e+00 1.126661585090988627e-01
8.118044759780168595e-01 2.156663433083054748e+00 1.260865426001491318e+00 3.337823747920493078e-01
8.196018815845251826e-01 2.126274570215523241e+00 1.275056326183728661e+00 3.276193451496638431e-01
8.273992871910333946e-01 2.161624873045083106e+00 1.258567551569108156e+00 3.347803289781398628e-01
8.351966927975416066e-01 2.840854386919434038e+00 9.853228991075302368e-01 4.534489737517749530e-01
8.429940984040499297e-01 2.552878372693286657e+00 1.092206250312200311e+00 4.070301241162594397e-01
8.507915040105581417e-01 3.906622076375415809e+00 6.667546649832756245e-01 5.918013999416019688e-01
8.585889096170664647e-01 4.469590031412401743e+00 5.321310576501632195e-01 6.502676897402828171e-01
8.663863152235746767e-01 4.994783083531746826e+00 4.210337620646371626e-01 6.985166321674513012e-01
8.741837208300828888e-01 7.609730417695816485e+00 0.000000000000000000e+00 8.813692717270897869e-01
8.819811264365912118e-01 4.330342745889056211e+00 5.637810515256251875e-01 6.365222720478980190e-01
8.897785320430994238e-01 4.448370883600792247e+00 5.368898109251341033e-01 6.482009894522239302e-01
8.975759376496077468e-01 3.647461057276350616e+00 7.353964216960695577e-01 5.619906637730900378e-01
9.053733432561159589e-01 2.525595148440150872e+00 1.102951009195392906e+00 4.023637346239080093e-01
9.131707488626241709e-01 6.184711668101177118e-01 2.509932452668345970e+00 -2.086805424166676415e-01
9.209681544691324939e-01 1.691490016836909027e-01 3.806403032233322214e+00 -7.717305610716475028e-01
9.287655600756407059e-01 5.346486535291157527e-02 4.958158309694074006e+00 -1.271931522575800555e+00
9.365629656821490290e-01 0.000000000000000000e+00 inf -inf
9.443603712886572410e-01 0.000000000000000000e+00 inf -inf
