# created by program: /home/aporutho/.conda/envs/westpa-2020.02/westpa-2020.03/lib/west_tools/plothist.py
# created by user:    aporutho
# created on host:    bhc0136
# created at:         Mon Aug  8 03:36:32 2022
# source data: /gpfs/fs2/scratch/aporutho/LipidPhase/Simulation/Weighted_Ensemble_3/Analysis/ClusterLipids2Total_AuxData/DPPC_DIPC_CHOL/298K/multi_west/silcoeffdppc.h5 dimension 0
# column 0: midpoint of bin
# column 1: probability in bin
# column 2: -ln P
# column 3: log10 P
-3.029280427932738995e-01 0.000000000000000000e+00 inf -inf
-2.795815240859985673e-01 0.000000000000000000e+00 inf -inf
-2.562350053787231241e-01 1.748631096674969909e-02 5.671114802866910054e+00 -1.757301802629394505e+00
-2.328884866714477642e-01 3.037325866110723079e-03 7.421555668229077973e+00 -2.517508611354136949e+00
-2.095419679641723765e-01 2.860061975377818297e-02 5.179104759919493262e+00 -1.543624555936349285e+00
-1.861954492568969610e-01 5.561358794657769722e-02 4.514105588295894478e+00 -1.254819085229986531e+00
-1.628489305496215733e-01 1.479573004074160869e-01 3.535609425846862663e+00 -8.298636013148642521e-01
-1.395024118423461856e-01 3.203320771472075723e-01 2.763174948425296318e+00 -4.943995701388559927e-01
-1.161558931350707979e-01 4.963476849078815034e-01 2.325256488431325153e+00 -3.042139994399043479e-01
-9.280937442779541025e-02 6.739096482663049503e-01 2.019437098313992873e+00 -1.713983258529291065e-01
-6.946285572052000867e-02 9.682799153025724026e-01 1.657011933046668606e+00 -1.399907647445603094e-02
-4.611633701324460710e-02 1.067876771876471675e+00 1.559105516498065391e+00 2.852113997552350663e-02
-2.276981830596921941e-02 1.281667523436246237e+00 1.376615885470811929e+00 1.077753797352201531e-01
5.767004013061682866e-04 1.587570459260274403e+00 1.162573033655124100e+00 2.007330091696087615e-01
2.392321910858155598e-02 1.767065963365024972e+00 1.055457344889859206e+00 2.472527617256294885e-01
4.726973781585694367e-02 2.142540956116163464e+00 8.627853808935974644e-01 3.309291325066680001e-01
7.061625652313233137e-02 2.372291806532766056e+00 7.609213733680592062e-01 3.751681088795605912e-01
9.396277523040771906e-02 2.467236964444979197e+00 7.216789816198871943e-01 3.922108630724773781e-01
1.173092939376831068e-01 2.651885944813306750e+00 6.495068040769254036e-01 4.235548415263274968e-01
1.406558126449584945e-01 3.431765834874985543e+00 3.917029188744851620e-01 5.355176462829666084e-01
1.640023313522338821e-01 3.080330237891760081e+00 4.997410569083555743e-01 4.885972790997549220e-01
1.873488500595092976e-01 2.710848660960894385e+00 6.275161233471858724e-01 4.331052728205495583e-01
2.106953687667846853e-01 2.548923692417312648e+00 6.891066795769722475e-01 4.063568341126013728e-01
2.340418874740600730e-01 2.271138882286916960e+00 8.044964523035492698e-01 3.562436925493785989e-01
2.573884061813354607e-01 1.917905122825319442e+00 9.735443597261571602e-01 2.828271191784482164e-01
2.807349248886108484e-01 1.583000574415710959e+00 1.165455724476830435e+00 1.994810724527086021e-01
3.040814435958862361e-01 1.102275938169555936e+00 1.527400791241402489e+00 4.229032720475084384e-02
3.274279623031616238e-01 6.886592140039168308e-01 1.997786608142459785e+00 -1.619956374409316779e-01
3.507744810104370115e-01 2.510606455664917136e-01 3.006838621472897266e+00 -6.002213587837070818e-01
3.741209997177123991e-01 9.967826010510107138e-02 3.930585547140596603e+00 -1.001399551276282329e+00
3.974675184249877868e-01 1.868531763184801825e-02 5.604795085133957855e+00 -1.728499515176591617e+00
4.208140371322631745e-01 1.674175082473281211e-03 8.017212591333747085e+00 -2.776199126165963982e+00
4.441605558395386177e-01 0.000000000000000000e+00 inf -inf
4.675070745468140054e-01 0.000000000000000000e+00 inf -inf
4.908535932540893931e-01 0.000000000000000000e+00 inf -inf
5.142001119613648363e-01 0.000000000000000000e+00 inf -inf
5.375466306686401685e-01 0.000000000000000000e+00 inf -inf
5.608931493759155007e-01 0.000000000000000000e+00 inf -inf
5.842396680831909439e-01 0.000000000000000000e+00 inf -inf
6.075861867904663871e-01 0.000000000000000000e+00 inf -inf
6.309327054977417193e-01 0.000000000000000000e+00 inf -inf
6.542792242050170515e-01 0.000000000000000000e+00 inf -inf
6.776257429122924947e-01 0.000000000000000000e+00 inf -inf
7.009722616195679379e-01 0.000000000000000000e+00 inf -inf
7.243187803268432701e-01 0.000000000000000000e+00 inf -inf
7.476652990341186023e-01 0.000000000000000000e+00 inf -inf
7.710118177413940455e-01 0.000000000000000000e+00 inf -inf
7.943583364486694887e-01 0.000000000000000000e+00 inf -inf
8.177048551559449319e-01 0.000000000000000000e+00 inf -inf
8.410513738632202640e-01 0.000000000000000000e+00 inf -inf
8.643978925704955962e-01 0.000000000000000000e+00 inf -inf
8.877444112777710394e-01 0.000000000000000000e+00 inf -inf
9.110909299850464826e-01 0.000000000000000000e+00 inf -inf
9.344374486923218148e-01 0.000000000000000000e+00 inf -inf
9.577839673995971470e-01 0.000000000000000000e+00 inf -inf
9.811304861068725902e-01 0.000000000000000000e+00 inf -inf
1.004477004814148033e+00 0.000000000000000000e+00 inf -inf
1.027823523521423255e+00 0.000000000000000000e+00 inf -inf
1.051170042228698698e+00 0.000000000000000000e+00 inf -inf
1.074516560935974141e+00 0.000000000000000000e+00 inf -inf
1.097863079643249584e+00 0.000000000000000000e+00 inf -inf
1.121209598350525027e+00 0.000000000000000000e+00 inf -inf
1.144556117057800249e+00 0.000000000000000000e+00 inf -inf
1.167902635765075692e+00 0.000000000000000000e+00 inf -inf
1.191249154472351135e+00 0.000000000000000000e+00 inf -inf
1.214595673179626578e+00 0.000000000000000000e+00 inf -inf
1.237942191886901799e+00 0.000000000000000000e+00 inf -inf
1.261288710594177243e+00 0.000000000000000000e+00 inf -inf
1.284635229301452686e+00 0.000000000000000000e+00 inf -inf
1.307981748008728129e+00 0.000000000000000000e+00 inf -inf
1.331328266716003572e+00 0.000000000000000000e+00 inf -inf
1.354674785423278793e+00 0.000000000000000000e+00 inf -inf
1.378021304130554237e+00 0.000000000000000000e+00 inf -inf
1.401367822837829680e+00 0.000000000000000000e+00 inf -inf
1.424714341545104901e+00 0.000000000000000000e+00 inf -inf
1.448060860252380344e+00 0.000000000000000000e+00 inf -inf
1.471407378959655787e+00 0.000000000000000000e+00 inf -inf
1.494753897666931231e+00 0.000000000000000000e+00 inf -inf
1.518100416374206674e+00 0.000000000000000000e+00 inf -inf
1.541446935081481895e+00 0.000000000000000000e+00 inf -inf
1.564793453788757338e+00 0.000000000000000000e+00 inf -inf
1.588139972496032781e+00 0.000000000000000000e+00 inf -inf
1.611486491203308224e+00 0.000000000000000000e+00 inf -inf
1.634833009910583446e+00 0.000000000000000000e+00 inf -inf
1.658179528617858889e+00 0.000000000000000000e+00 inf -inf
1.681526047325134332e+00 0.000000000000000000e+00 inf -inf
1.704872566032409775e+00 0.000000000000000000e+00 inf -inf
1.728219084739685218e+00 0.000000000000000000e+00 inf -inf
1.751565603446960662e+00 0.000000000000000000e+00 inf -inf
1.774912122154235883e+00 0.000000000000000000e+00 inf -inf
1.798258640861511104e+00 0.000000000000000000e+00 inf -inf
1.821605159568786547e+00 0.000000000000000000e+00 inf -inf
1.844951678276061990e+00 0.000000000000000000e+00 inf -inf
1.868298196983337434e+00 0.000000000000000000e+00 inf -inf
1.891644715690612877e+00 0.000000000000000000e+00 inf -inf
1.914991234397888320e+00 0.000000000000000000e+00 inf -inf
1.938337753105163763e+00 0.000000000000000000e+00 inf -inf
1.961684271812439206e+00 0.000000000000000000e+00 inf -inf
1.985030790519714428e+00 0.000000000000000000e+00 inf -inf
2.008377309226989649e+00 5.077291084307633540e+00 0.000000000000000000e+00 7.056320624955526588e-01
