# created by program: /home/aporutho/.conda/envs/westpa-2020.05/westpa-2020.05/lib/west_tools/plothist.py
# created by user:    aporutho
# created on host:    bhc0064
# created at:         Tue Dec 13 14:06:27 2022
# source data: /gpfs/fs2/scratch/aporutho/LipidPhase/Simulation/Weighted_Ensemble_3/Analysis/ClusterLipids2Total/DPPC_DIPC_CHOL/353K/multi_west/pdist.h5 dimension 0
# column 0: midpoint of bin
# column 1: probability in bin
# column 2: -ln P
# column 3: log10 P
5.000000000000000104e-03 0.000000000000000000e+00 inf -inf
1.499999999999999944e-02 0.000000000000000000e+00 inf -inf
2.500000000000000139e-02 0.000000000000000000e+00 inf -inf
3.500000000000000333e-02 0.000000000000000000e+00 inf -inf
4.499999999999999833e-02 0.000000000000000000e+00 inf -inf
5.500000000000000028e-02 0.000000000000000000e+00 inf -inf
6.500000000000000222e-02 0.000000000000000000e+00 inf -inf
7.500000000000001110e-02 0.000000000000000000e+00 inf -inf
8.499999999999999223e-02 0.000000000000000000e+00 inf -inf
9.500000000000000111e-02 0.000000000000000000e+00 inf -inf
1.050000000000000100e-01 0.000000000000000000e+00 inf -inf
1.149999999999999911e-01 0.000000000000000000e+00 inf -inf
1.250000000000000000e-01 0.000000000000000000e+00 inf -inf
1.350000000000000089e-01 0.000000000000000000e+00 inf -inf
1.450000000000000178e-01 0.000000000000000000e+00 inf -inf
1.549999999999999989e-01 0.000000000000000000e+00 inf -inf
1.650000000000000078e-01 0.000000000000000000e+00 inf -inf
1.749999999999999889e-01 0.000000000000000000e+00 inf -inf
1.849999999999999978e-01 0.000000000000000000e+00 inf -inf
1.950000000000000067e-01 0.000000000000000000e+00 inf -inf
2.050000000000000155e-01 0.000000000000000000e+00 inf -inf
2.149999999999999967e-01 0.000000000000000000e+00 inf -inf
2.250000000000000056e-01 0.000000000000000000e+00 inf -inf
2.349999999999999867e-01 0.000000000000000000e+00 inf -inf
2.449999999999999956e-01 0.000000000000000000e+00 inf -inf
2.550000000000000044e-01 0.000000000000000000e+00 inf -inf
2.650000000000000133e-01 0.000000000000000000e+00 inf -inf
2.750000000000000222e-01 0.000000000000000000e+00 inf -inf
2.850000000000000311e-01 0.000000000000000000e+00 inf -inf
2.949999999999999845e-01 1.916098025731976327e-06 1.537089703603553836e+01 -5.717582276601163471e+00
3.049999999999999933e-01 2.902529824200421731e-05 1.265302007305086818e+01 -4.537223309084952305e+00
3.150000000000000022e-01 1.610532666073488596e-04 1.093945271717199574e+01 -3.793030462057212837e+00
3.250000000000000111e-01 1.220223454074981489e-03 8.914398595897434774e+00 -2.913560631632232223e+00
3.350000000000000200e-01 3.159684565112453204e-03 7.962960395499466770e+00 -2.500356271327434321e+00
3.450000000000000289e-01 2.078660212929540202e-02 6.079123946180688520e+00 -1.682216496580074327e+00
3.549999999999999822e-01 3.308966933121852694e-02 5.614211468077721534e+00 -1.480307572771989655e+00
3.649999999999999911e-01 1.746886868990131791e-01 3.950427139209585548e+00 -7.577352196674527196e-01
3.750000000000000000e-01 3.792096806457607161e-01 3.175343297764757544e+00 -4.211205843155889084e-01
3.850000000000000089e-01 9.484936218217705495e-01 2.258557532085853303e+00 -2.296558519379320387e-02
3.950000000000000178e-01 1.702620740700192314e+00 1.673508641792198937e+00 2.311179195043617240e-01
4.050000000000000266e-01 3.084407686233015866e+00 1.079317677022934019e+00 4.891717767004230000e-01
4.150000000000000355e-01 5.060459882174773938e+00 5.842199529919391843e-01 7.041899862499430007e-01
4.249999999999999889e-01 6.648676984004999291e+00 3.112594328657931619e-01 8.227352339181698282e-01
4.349999999999999978e-01 8.175428085097449227e+00 1.045442374048946022e-01 9.125105026323901969e-01
4.450000000000000067e-01 8.759438802063272078e+00 3.554547876201352707e-02 9.424762827691678391e-01
4.550000000000000155e-01 9.076397093208598221e+00 0.000000000000000000e+00 9.579134880521195106e-01
4.650000000000000244e-01 7.777301305368252926e+00 1.544679158684836295e-01 8.908289245593412620e-01
4.749999999999999778e-01 7.088591969922985569e+00 2.471905909500033971e-01 8.505599784241291150e-01
4.849999999999999867e-01 5.649314375599724158e+00 4.741431296232072601e-01 7.519957432244223083e-01
4.949999999999999956e-01 4.161503677370272491e+00 7.798008480985083590e-01 6.192502827394613663e-01
5.050000000000000044e-01 3.307755457816681233e+00 1.009407468018896026e+00 5.195333946995798202e-01
5.150000000000000133e-01 2.396568804397310792e+00 1.331639268393159714e+00 3.795899019032868971e-01
5.250000000000000222e-01 2.149240936139219293e+00 1.440562591123539793e+00 3.322851038909157007e-01
5.350000000000000311e-01 1.850849333645447015e+00 1.590032684962522369e+00 2.673710669270843443e-01
5.450000000000000400e-01 2.147071994583817034e+00 1.441572266989630702e+00 3.318466072337616368e-01
5.550000000000000488e-01 2.414944593447305721e+00 1.324000973797314407e+00 3.829071710974139009e-01
5.650000000000000577e-01 2.817781305920359802e+00 1.169727513633644245e+00 4.499072835506170431e-01
5.749999999999999556e-01 3.146482297884998225e+00 1.059392219967840942e+00 4.978252927488502344e-01
5.849999999999999645e-01 3.207124671501792257e+00 1.040302523205655305e+00 5.061158427138737759e-01
5.949999999999999734e-01 3.235478336557122248e+00 1.031500538021144608e+00 5.099384963093009926e-01
6.049999999999999822e-01 2.354097232831322106e+00 1.349520004615801128e+00 3.718243968294261403e-01
6.149999999999999911e-01 1.373062276706097817e+00 1.888633834084210594e+00 1.376902355735651895e-01
6.250000000000000000e-01 6.055464648578983144e-01 2.707301298901759523e+00 -2.178525269104208129e-01
6.350000000000000089e-01 2.062953761594678304e-01 3.784123590310112473e+00 -6.855105060594839372e-01
6.450000000000000178e-01 3.426606932439985737e-02 5.579276964915183434e+00 -1.465135710820467452e+00
6.550000000000000266e-01 8.265892035293081336e-03 7.001294942244770780e+00 -2.082710271541930780e+00
6.650000000000000355e-01 1.881909388080063225e-04 1.078373079654877564e+01 -3.725401291219172517e+00
6.750000000000000444e-01 0.000000000000000000e+00 inf -inf
6.850000000000000533e-01 0.000000000000000000e+00 inf -inf
6.950000000000000622e-01 0.000000000000000000e+00 inf -inf
7.050000000000000711e-01 0.000000000000000000e+00 inf -inf
7.149999999999999689e-01 0.000000000000000000e+00 inf -inf
7.249999999999999778e-01 0.000000000000000000e+00 inf -inf
7.349999999999999867e-01 0.000000000000000000e+00 inf -inf
7.449999999999999956e-01 0.000000000000000000e+00 inf -inf
7.550000000000000044e-01 0.000000000000000000e+00 inf -inf
7.650000000000000133e-01 0.000000000000000000e+00 inf -inf
7.750000000000000222e-01 0.000000000000000000e+00 inf -inf
7.850000000000000311e-01 0.000000000000000000e+00 inf -inf
7.950000000000000400e-01 0.000000000000000000e+00 inf -inf
8.050000000000000488e-01 0.000000000000000000e+00 inf -inf
8.150000000000000577e-01 0.000000000000000000e+00 inf -inf
8.250000000000000666e-01 0.000000000000000000e+00 inf -inf
8.349999999999999645e-01 0.000000000000000000e+00 inf -inf
8.449999999999999734e-01 0.000000000000000000e+00 inf -inf
8.549999999999999822e-01 0.000000000000000000e+00 inf -inf
8.649999999999999911e-01 0.000000000000000000e+00 inf -inf
8.750000000000000000e-01 0.000000000000000000e+00 inf -inf
8.850000000000000089e-01 0.000000000000000000e+00 inf -inf
8.950000000000000178e-01 0.000000000000000000e+00 inf -inf
9.050000000000000266e-01 0.000000000000000000e+00 inf -inf
9.150000000000000355e-01 0.000000000000000000e+00 inf -inf
9.250000000000000444e-01 0.000000000000000000e+00 inf -inf
9.350000000000000533e-01 0.000000000000000000e+00 inf -inf
9.450000000000000622e-01 0.000000000000000000e+00 inf -inf
9.550000000000000711e-01 0.000000000000000000e+00 inf -inf
9.649999999999999689e-01 0.000000000000000000e+00 inf -inf
9.749999999999999778e-01 0.000000000000000000e+00 inf -inf
9.849999999999999867e-01 0.000000000000000000e+00 inf -inf
9.949999999999999956e-01 0.000000000000000000e+00 inf -inf
