# created by program: /home/aporutho/.conda/envs/westpa-2020.02/westpa-2020.03/lib/west_tools/plothist.py
# created by user:    aporutho
# created on host:    bhc0136
# created at:         Mon Aug  8 03:42:00 2022
# source data: /gpfs/fs2/scratch/aporutho/LipidPhase/Simulation/Weighted_Ensemble_3/Analysis/ClusterLipids2Total_AuxData/DPPC_DIPC_CHOL/423K/multi_west/clucountdxpc.h5 dimension 0
# column 0: midpoint of bin
# column 1: probability in bin
# column 2: -ln P
# column 3: log10 P
1.313000000000000000e-01 1.077014019309902199e-06 1.326467166155778798e+01 -5.967778643527177351e+00
3.939000000000000279e-01 0.000000000000000000e+00 inf -inf
6.565000000000000835e-01 0.000000000000000000e+00 inf -inf
9.191000000000000281e-01 0.000000000000000000e+00 inf -inf
1.181699999999999973e+00 0.000000000000000000e+00 inf -inf
1.444300000000000139e+00 0.000000000000000000e+00 inf -inf
1.706900000000000084e+00 0.000000000000000000e+00 inf -inf
1.969500000000000028e+00 1.452490192222227359e-04 8.360414433281633251e+00 -3.837886791452707058e+00
2.232099999999999973e+00 0.000000000000000000e+00 inf -inf
2.494699999999999918e+00 0.000000000000000000e+00 inf -inf
2.757299999999999862e+00 0.000000000000000000e+00 inf -inf
3.019899999999999807e+00 2.091948460117174554e-03 5.693012888422100737e+00 -2.679449019500002471e+00
3.282500000000000195e+00 0.000000000000000000e+00 inf -inf
3.545100000000000140e+00 0.000000000000000000e+00 inf -inf
3.807700000000000085e+00 0.000000000000000000e+00 inf -inf
4.070299999999999585e+00 5.441826395325672673e-03 4.736994058709496080e+00 -2.264255317160213998e+00
4.332900000000000418e+00 0.000000000000000000e+00 inf -inf
4.595499999999999474e+00 0.000000000000000000e+00 inf -inf
4.858100000000000307e+00 0.000000000000000000e+00 inf -inf
5.120699999999999363e+00 2.458545729470928282e-02 3.228953696417477204e+00 -1.609321709329409433e+00
5.383300000000000196e+00 0.000000000000000000e+00 inf -inf
5.645899999999999253e+00 0.000000000000000000e+00 inf -inf
5.908500000000000085e+00 7.054587283683150245e-02 2.174845620910674793e+00 -1.151528388807148806e+00
6.171100000000000030e+00 0.000000000000000000e+00 inf -inf
6.433699999999999974e+00 0.000000000000000000e+00 inf -inf
6.696300000000000807e+00 0.000000000000000000e+00 inf -inf
6.958899999999999864e+00 1.704796879942592214e-01 1.292492640037708140e+00 -7.683273581231337968e-01
7.221500000000000696e+00 0.000000000000000000e+00 inf -inf
7.484099999999999753e+00 0.000000000000000000e+00 inf -inf
7.746700000000000585e+00 0.000000000000000000e+00 inf -inf
8.009299999999999642e+00 3.062778693129938890e-01 7.066160381091517451e-01 -5.138843828293336857e-01
8.271899999999998698e+00 0.000000000000000000e+00 inf -inf
8.534500000000001307e+00 0.000000000000000000e+00 inf -inf
8.797100000000000364e+00 0.000000000000000000e+00 inf -inf
9.059699999999999420e+00 4.817841778234206451e-01 2.536125477434117981e-01 -3.171474666805799147e-01
9.322300000000000253e+00 0.000000000000000000e+00 inf -inf
9.584900000000001086e+00 0.000000000000000000e+00 inf -inf
9.847500000000000142e+00 0.000000000000000000e+00 inf -inf
1.011009999999999920e+01 5.741830191802862471e-01 7.816060342176889275e-02 -2.409496554224938303e-01
1.037270000000000003e+01 0.000000000000000000e+00 inf -inf
1.063530000000000086e+01 0.000000000000000000e+00 inf -inf
1.089789999999999992e+01 6.208619768106680148e-01 0.000000000000000000e+00 -2.070049366541911740e-01
1.116049999999999898e+01 0.000000000000000000e+00 inf -inf
1.142309999999999981e+01 0.000000000000000000e+00 inf -inf
1.168570000000000064e+01 0.000000000000000000e+00 inf -inf
1.194829999999999970e+01 5.598833747368794356e-01 1.033802950242542762e-01 -2.519024283207549897e-01
1.221089999999999876e+01 0.000000000000000000e+00 inf -inf
1.247350000000000136e+01 0.000000000000000000e+00 inf -inf
1.273610000000000042e+01 0.000000000000000000e+00 inf -inf
1.299869999999999948e+01 4.229031373507185498e-01 3.839656345565030104e-01 -3.737590929825609365e-01
1.326130000000000031e+01 0.000000000000000000e+00 inf -inf
1.352390000000000114e+01 0.000000000000000000e+00 inf -inf
1.378650000000000020e+01 0.000000000000000000e+00 inf -inf
1.404909999999999926e+01 2.897457485654654219e-01 7.621049883218273813e-01 -5.379829277133030274e-01
1.431170000000000009e+01 0.000000000000000000e+00 inf -inf
1.457430000000000092e+01 0.000000000000000000e+00 inf -inf
1.483689999999999998e+01 0.000000000000000000e+00 inf -inf
1.509949999999999903e+01 1.578463446162404193e-01 1.369486740255206891e+00 -8.017654709866994800e-01
1.536209999999999987e+01 0.000000000000000000e+00 inf -inf
1.562470000000000070e+01 0.000000000000000000e+00 inf -inf
1.588729999999999976e+01 7.920461176443138740e-02 2.059074271192021133e+00 -1.101249530461845927e+00
1.614989999999999881e+01 0.000000000000000000e+00 inf -inf
1.641250000000000142e+01 0.000000000000000000e+00 inf -inf
1.667510000000000048e+01 0.000000000000000000e+00 inf -inf
1.693769999999999953e+01 2.706902109591808811e-02 3.132718856647193739e+00 -1.567527449450331734e+00
1.720029999999999859e+01 0.000000000000000000e+00 inf -inf
1.746290000000000120e+01 0.000000000000000000e+00 inf -inf
1.772550000000000026e+01 0.000000000000000000e+00 inf -inf
1.798809999999999931e+01 1.006654521407442104e-02 4.121891226853130696e+00 -1.997119551481930433e+00
1.825070000000000192e+01 0.000000000000000000e+00 inf -inf
1.851330000000000098e+01 0.000000000000000000e+00 inf -inf
1.877590000000000003e+01 0.000000000000000000e+00 inf -inf
1.903849999999999909e+01 2.823990981651161580e-03 5.392957671506425577e+00 -2.549136694527241787e+00
1.930109999999999815e+01 0.000000000000000000e+00 inf -inf
1.956370000000000076e+01 0.000000000000000000e+00 inf -inf
1.982629999999999981e+01 0.000000000000000000e+00 inf -inf
2.008889999999999887e+01 1.959597321731665603e-03 5.758369793627034383e+00 -2.707833162784778924e+00
2.035150000000000148e+01 0.000000000000000000e+00 inf -inf
2.061410000000000053e+01 0.000000000000000000e+00 inf -inf
2.087669999999999959e+01 5.094797491967751127e-05 9.408059064193718513e+00 -4.292873073653394655e+00
2.113929999999999865e+01 0.000000000000000000e+00 inf -inf
2.140190000000000126e+01 0.000000000000000000e+00 inf -inf
2.166450000000000031e+01 0.000000000000000000e+00 inf -inf
2.192709999999999937e+01 1.215384545464483874e-04 8.538633365617904758e+00 -3.915286290337038455e+00
2.218970000000000198e+01 0.000000000000000000e+00 inf -inf
2.245230000000000103e+01 0.000000000000000000e+00 inf -inf
2.271490000000000009e+01 0.000000000000000000e+00 inf -inf
2.297749999999999915e+01 9.478537788190558731e-08 1.569500420001785201e+01 -7.023258654170304816e+00
2.324009999999999820e+01 0.000000000000000000e+00 inf -inf
2.350270000000000081e+01 0.000000000000000000e+00 inf -inf
2.376529999999999987e+01 0.000000000000000000e+00 inf -inf
2.402789999999999893e+01 0.000000000000000000e+00 inf -inf
2.429050000000000153e+01 0.000000000000000000e+00 inf -inf
2.455310000000000059e+01 0.000000000000000000e+00 inf -inf
2.481569999999999965e+01 0.000000000000000000e+00 inf -inf
2.507829999999999870e+01 0.000000000000000000e+00 inf -inf
2.534090000000000131e+01 0.000000000000000000e+00 inf -inf
2.560350000000000037e+01 0.000000000000000000e+00 inf -inf
2.586609999999999943e+01 0.000000000000000000e+00 inf -inf
2.612870000000000203e+01 0.000000000000000000e+00 inf -inf
