# created by program: /home/aporutho/.conda/envs/westpa-2020.02/westpa-2020.03/lib/west_tools/plothist.py
# created by user:    aporutho
# created on host:    bhc0136
# created at:         Mon Aug  8 03:43:05 2022
# source data: /gpfs/fs2/scratch/aporutho/LipidPhase/Simulation/Weighted_Ensemble_3/Analysis/ClusterLipids2Total_AuxData/DPPC_DIPC_CHOL/423K/multi_west/corebydxpc.h5 dimension 0
# column 0: midpoint of bin
# column 1: probability in bin
# column 2: -ln P
# column 3: log10 P
4.030704471468925937e-03 5.029123670066810298e-02 6.490321042840594856e+00 -1.298507684608301238e+00
1.209211341440677781e-02 5.523235666210233319e-01 4.094017838144809573e+00 -2.578064258418428234e-01
2.015352235734462968e-02 6.676173497103862431e+00 1.601851611479281123e+00 8.245276143846448358e-01
2.821493130028248156e-02 1.491403426651490705e+01 7.980939383970682144e-01 1.173595136591647714e+00
3.627634024322033690e-02 2.394770796415412306e+01 3.245239867163949299e-01 1.379263953401753673e+00
4.433774918615818184e-02 3.312858832140195631e+01 0.000000000000000000e+00 1.520202930077928283e+00
5.239915812909604065e-02 2.032054880399141794e+01 4.887639747072936025e-01 1.307935432909450135e+00
6.046056707203388558e-02 1.289876814588609477e+01 9.432647908823557081e-01 1.110548236424096391e+00
6.852197601497174440e-02 7.749890463823546405e+00 1.452717895558120809e+00 8.892955642749318379e-01
7.658338495790958933e-02 2.442708294194143814e+00 2.607289224727676213e+00 3.878716070528910875e-01
8.464479390084744814e-02 8.893908674571193718e-01 3.617615074288088817e+00 -5.090733433541101000e-02
9.270620284378529308e-02 3.770448096273628646e-01 4.475787845292519052e+00 -4.236070333022579071e-01
1.007676117867231519e-01 7.299947711505680448e-02 6.117699605790146933e+00 -1.136680250658431701e+00
1.088290207296609968e-01 2.339067779017966683e-02 7.255814326153245730e+00 -1.630957193484987799e+00
1.168904296725988556e-01 3.817942954462494234e-03 9.068440100122913350e+00 -2.418170564875625761e+00
1.249518386155367006e-01 1.161728491211608879e-04 1.256082800241608766e+01 -3.934895359507224466e+00
1.330132475584745455e-01 0.000000000000000000e+00 inf -inf
1.410746565014124321e-01 0.000000000000000000e+00 inf -inf
1.491360654443502631e-01 0.000000000000000000e+00 inf -inf
1.571974743872880942e-01 0.000000000000000000e+00 inf -inf
1.652588833302259808e-01 0.000000000000000000e+00 inf -inf
1.733202922731638118e-01 0.000000000000000000e+00 inf -inf
1.813817012161016429e-01 0.000000000000000000e+00 inf -inf
1.894431101590395294e-01 0.000000000000000000e+00 inf -inf
1.975045191019773605e-01 0.000000000000000000e+00 inf -inf
2.055659280449152471e-01 0.000000000000000000e+00 inf -inf
2.136273369878530781e-01 0.000000000000000000e+00 inf -inf
2.216887459307909092e-01 0.000000000000000000e+00 inf -inf
2.297501548737287957e-01 0.000000000000000000e+00 inf -inf
2.378115638166666268e-01 0.000000000000000000e+00 inf -inf
2.458729727596044579e-01 0.000000000000000000e+00 inf -inf
2.539343817025423444e-01 0.000000000000000000e+00 inf -inf
2.619957906454801755e-01 0.000000000000000000e+00 inf -inf
2.700571995884180065e-01 0.000000000000000000e+00 inf -inf
2.781186085313558931e-01 0.000000000000000000e+00 inf -inf
2.861800174742937797e-01 0.000000000000000000e+00 inf -inf
2.942414264172316107e-01 0.000000000000000000e+00 inf -inf
3.023028353601694418e-01 0.000000000000000000e+00 inf -inf
3.103642443031072728e-01 0.000000000000000000e+00 inf -inf
3.184256532460451594e-01 0.000000000000000000e+00 inf -inf
3.264870621889829905e-01 0.000000000000000000e+00 inf -inf
3.345484711319208770e-01 0.000000000000000000e+00 inf -inf
3.426098800748587081e-01 0.000000000000000000e+00 inf -inf
3.506712890177965392e-01 0.000000000000000000e+00 inf -inf
3.587326979607343702e-01 0.000000000000000000e+00 inf -inf
3.667941069036722568e-01 0.000000000000000000e+00 inf -inf
3.748555158466101433e-01 0.000000000000000000e+00 inf -inf
3.829169247895479744e-01 0.000000000000000000e+00 inf -inf
3.909783337324858055e-01 0.000000000000000000e+00 inf -inf
3.990397426754236365e-01 0.000000000000000000e+00 inf -inf
4.071011516183615231e-01 0.000000000000000000e+00 inf -inf
4.151625605612994097e-01 0.000000000000000000e+00 inf -inf
4.232239695042372407e-01 0.000000000000000000e+00 inf -inf
4.312853784471750718e-01 0.000000000000000000e+00 inf -inf
4.393467873901129028e-01 0.000000000000000000e+00 inf -inf
4.474081963330507894e-01 0.000000000000000000e+00 inf -inf
4.554696052759886205e-01 0.000000000000000000e+00 inf -inf
4.635310142189265070e-01 0.000000000000000000e+00 inf -inf
4.715924231618643381e-01 0.000000000000000000e+00 inf -inf
4.796538321048021691e-01 0.000000000000000000e+00 inf -inf
4.877152410477400002e-01 0.000000000000000000e+00 inf -inf
4.957766499906778868e-01 0.000000000000000000e+00 inf -inf
5.038380589336157733e-01 0.000000000000000000e+00 inf -inf
5.118994678765536044e-01 0.000000000000000000e+00 inf -inf
5.199608768194914354e-01 0.000000000000000000e+00 inf -inf
5.280222857624292665e-01 0.000000000000000000e+00 inf -inf
5.360836947053670976e-01 0.000000000000000000e+00 inf -inf
5.441451036483050396e-01 0.000000000000000000e+00 inf -inf
5.522065125912428707e-01 0.000000000000000000e+00 inf -inf
5.602679215341807017e-01 0.000000000000000000e+00 inf -inf
5.683293304771185328e-01 0.000000000000000000e+00 inf -inf
5.763907394200564749e-01 0.000000000000000000e+00 inf -inf
5.844521483629943059e-01 0.000000000000000000e+00 inf -inf
5.925135573059321370e-01 0.000000000000000000e+00 inf -inf
6.005749662488699681e-01 0.000000000000000000e+00 inf -inf
6.086363751918077991e-01 0.000000000000000000e+00 inf -inf
6.166977841347456302e-01 0.000000000000000000e+00 inf -inf
6.247591930776834612e-01 0.000000000000000000e+00 inf -inf
6.328206020206214033e-01 0.000000000000000000e+00 inf -inf
6.408820109635592344e-01 0.000000000000000000e+00 inf -inf
6.489434199064970654e-01 0.000000000000000000e+00 inf -inf
6.570048288494348965e-01 0.000000000000000000e+00 inf -inf
6.650662377923728386e-01 0.000000000000000000e+00 inf -inf
6.731276467353106696e-01 0.000000000000000000e+00 inf -inf
6.811890556782485007e-01 0.000000000000000000e+00 inf -inf
6.892504646211863317e-01 0.000000000000000000e+00 inf -inf
6.973118735641241628e-01 0.000000000000000000e+00 inf -inf
7.053732825070619938e-01 0.000000000000000000e+00 inf -inf
7.134346914499998249e-01 0.000000000000000000e+00 inf -inf
7.214961003929377670e-01 0.000000000000000000e+00 inf -inf
7.295575093358755980e-01 0.000000000000000000e+00 inf -inf
7.376189182788134291e-01 0.000000000000000000e+00 inf -inf
7.456803272217512601e-01 0.000000000000000000e+00 inf -inf
7.537417361646892022e-01 0.000000000000000000e+00 inf -inf
7.618031451076270333e-01 0.000000000000000000e+00 inf -inf
7.698645540505648643e-01 0.000000000000000000e+00 inf -inf
7.779259629935026954e-01 0.000000000000000000e+00 inf -inf
7.859873719364405265e-01 0.000000000000000000e+00 inf -inf
7.940487808793783575e-01 0.000000000000000000e+00 inf -inf
8.021101898223161886e-01 0.000000000000000000e+00 inf -inf
