# evolution.py --suffix SI --temperature 323 --plotscale energy --dat_file SegIndex/DPPC_DIPC_CHOL/323K/1/pdist.h5
# # pcoord midpoint
1.024575424122810219e+00
1.031662797713279733e+00
1.038750171303749248e+00
1.045837544894218318e+00
1.052924918484687833e+00
1.060012292075157347e+00
1.067099665665626418e+00
1.074187039256095932e+00
1.081274412846565225e+00
1.088361786437034517e+00
1.095449160027504032e+00
1.102536533617973324e+00
1.109623907208442617e+00
1.116711280798912131e+00
1.123798654389381424e+00
1.130886027979850716e+00
1.137973401570320231e+00
1.145060775160789523e+00
1.152148148751258816e+00
1.159235522341728331e+00
1.166322895932197623e+00
1.173410269522666916e+00
1.180497643113136430e+00
1.187585016703605501e+00
1.194672390294075015e+00
1.201759763884544530e+00
1.208847137475013600e+00
1.215934511065483115e+00
1.223021884655952629e+00
1.230109258246421700e+00
1.237196631836891214e+00
1.244284005427360729e+00
1.251371379017829799e+00
1.258458752608299314e+00
1.265546126198768606e+00
1.272633499789237899e+00
1.279720873379707413e+00
1.286808246970176706e+00
1.293895620560645998e+00
1.300982994151115513e+00
1.308070367741584805e+00
1.315157741332054098e+00
1.322245114922523612e+00
1.329332488512992905e+00
1.336419862103462197e+00
1.343507235693931712e+00
1.350594609284401004e+00
1.357681982874870297e+00
1.364769356465339811e+00
1.371856730055809104e+00
1.378944103646278396e+00
1.386031477236747911e+00
1.393118850827216981e+00
1.400206224417686496e+00
1.407293598008156010e+00
1.414380971598625081e+00
1.421468345189094595e+00
1.428555718779563888e+00
1.435643092370033180e+00
1.442730465960502695e+00
1.449817839550971987e+00
1.456905213141441280e+00
1.463992586731910794e+00
1.471079960322380087e+00
1.478167333912849379e+00
1.485254707503318894e+00
1.492342081093788186e+00
1.499429454684257479e+00
1.506516828274726993e+00
1.513604201865196286e+00
1.520691575455665578e+00
1.527778949046135093e+00
1.534866322636604385e+00
1.541953696227073678e+00
1.549041069817543192e+00
1.556128443408012485e+00
1.563215816998481777e+00
1.570303190588951292e+00
1.577390564179420585e+00
1.584477937769889877e+00
1.591565311360359170e+00
1.598652684950828684e+00
1.605740058541297977e+00
1.612827432131767269e+00
1.619914805722236562e+00
1.627002179312706076e+00
1.634089552903175369e+00
1.641176926493644661e+00
1.648264300084114176e+00
1.655351673674583468e+00
1.662439047265052761e+00
1.669526420855522275e+00
1.676613794445991568e+00
1.683701168036460860e+00
1.690788541626930375e+00
1.697875915217399667e+00
1.704963288807868960e+00
1.712050662398338474e+00
1.719138035988807767e+00
1.726225409579277059e+00
