# created by program: /home/aporutho/.conda/envs/westpa-2020.02/westpa-2020.03/lib/west_tools/plothist.py
# created by user:    aporutho
# created on host:    bhc0136
# created at:         Mon Aug  8 03:32:28 2022
# source data: /gpfs/fs2/scratch/aporutho/LipidPhase/Simulation/Weighted_Ensemble_3/Analysis/ClusterLipids2Total_AuxData/DPPC_DAPC_CHOL/423K/multi_west/clucounttotal.h5 dimension 0
# column 0: midpoint of bin
# column 1: probability in bin
# column 2: -ln P
# column 3: log10 P
4.222400000000000375e+00 3.838749742780651897e-03 3.422400909882886033e+00 -2.415810199649218948e+00
4.667199999999999349e+00 0.000000000000000000e+00 inf -inf
5.112000000000000099e+00 1.686092226327178673e-02 1.942548983310440569e+00 -1.773118673904909626e+00
5.556800000000000850e+00 0.000000000000000000e+00 inf -inf
6.001599999999999824e+00 3.895246375124479521e-02 1.105205611129493448e+00 -1.409465067908463487e+00
6.446400000000000574e+00 0.000000000000000000e+00 inf -inf
6.891199999999999548e+00 6.703167232653539642e-02 5.623824066647329367e-01 -1.173719945560377509e+00
7.336000000000000298e+00 0.000000000000000000e+00 inf -inf
7.780800000000000161e+00 9.391868569943527534e-02 2.251182734984347178e-01 -1.027247993582370622e+00
8.225600000000000023e+00 0.000000000000000000e+00 inf -inf
8.670400000000000773e+00 0.000000000000000000e+00 inf -inf
9.115200000000001523e+00 1.036332977111563830e-01 1.266889509860331664e-01 -9.845006819577591939e-01
9.559999999999998721e+00 0.000000000000000000e+00 inf -inf
1.000479999999999947e+01 1.101871959635507270e-01 6.536693475990862368e-02 -9.578688686915716177e-01
1.044960000000000022e+01 0.000000000000000000e+00 inf -inf
1.089440000000000097e+01 1.075816649182017859e-01 8.929740283033282822e-02 -9.682617389239187577e-01
1.133920000000000172e+01 0.000000000000000000e+00 inf -inf
1.178400000000000070e+01 9.204897756570566691e-02 2.452268354119859772e-01 -1.035981031060435820e+00
1.222879999999999967e+01 0.000000000000000000e+00 inf -inf
1.267360000000000042e+01 0.000000000000000000e+00 inf -inf
1.311840000000000117e+01 7.624300376542780810e-02 4.336219782679160417e-01 -1.117800002020141070e+00
1.356320000000000014e+01 0.000000000000000000e+00 inf -inf
1.400800000000000090e+01 6.952409673148637892e-02 5.258742276100112356e-01 -1.157864644852575786e+00
1.445279999999999987e+01 0.000000000000000000e+00 inf -inf
1.489760000000000062e+01 6.681644377245786470e-02 5.655984211422602215e-01 -1.175116642901688602e+00
1.534240000000000137e+01 0.000000000000000000e+00 inf -inf
1.578719999999999857e+01 6.813929412763089499e-02 5.459935826189554753e-01 -1.166602369712413045e+00
1.623199999999999932e+01 0.000000000000000000e+00 inf -inf
1.667680000000000007e+01 0.000000000000000000e+00 inf -inf
1.712160000000000082e+01 6.910139924594517480e-02 5.319726555016326408e-01 -1.160513158434192116e+00
1.756640000000000157e+01 0.000000000000000000e+00 inf -inf
1.801120000000000232e+01 7.734287274664677914e-02 4.192992057765989600e-01 -1.111579700961606409e+00
1.845600000000000307e+01 0.000000000000000000e+00 inf -inf
1.890080000000000382e+01 7.511528050293223013e-02 4.485236288291978290e-01 -1.124271706630156409e+00
1.934560000000000102e+01 0.000000000000000000e+00 inf -inf
1.979040000000000177e+01 9.025540223966055375e-02 2.649041816170294439e-01 -1.044526793935786291e+00
2.023519999999999897e+01 0.000000000000000000e+00 inf -inf
2.067999999999999972e+01 0.000000000000000000e+00 inf -inf
2.112480000000000047e+01 9.862442770858277641e-02 1.762286592018744713e-01 -1.006015503870996364e+00
2.156960000000000122e+01 0.000000000000000000e+00 inf -inf
2.201440000000000197e+01 1.071901466228166871e-01 9.294330706951337007e-02 -9.698451350165424589e-01
2.245920000000000272e+01 0.000000000000000000e+00 inf -inf
2.290399999999999991e+01 1.176304153143171161e-01 0.000000000000000000e+00 -9.294803696264135606e-01
2.334880000000000067e+01 0.000000000000000000e+00 inf -inf
2.379360000000000142e+01 1.160033409019992773e-01 1.392864407883065425e-02 -9.355295028902439469e-01
2.423840000000000217e+01 0.000000000000000000e+00 inf -inf
2.468319999999999936e+01 0.000000000000000000e+00 inf -inf
2.512800000000000011e+01 1.152788658504277225e-01 2.019352222316683765e-02 -9.382503048981254423e-01
2.557280000000000086e+01 0.000000000000000000e+00 inf -inf
2.601760000000000161e+01 1.047016887460033990e-01 1.164323885241365097e-01 -9.800463134772614548e-01
2.646240000000000236e+01 0.000000000000000000e+00 inf -inf
2.690720000000000312e+01 9.097616845966757793e-02 2.569500484893900705e-01 -1.041072357810128413e+00
2.735200000000000031e+01 0.000000000000000000e+00 inf -inf
2.779680000000000106e+01 7.888655148151883789e-02 3.995368724970784768e-01 -1.102997028668777801e+00
2.824160000000000181e+01 0.000000000000000000e+00 inf -inf
2.868640000000000256e+01 0.000000000000000000e+00 inf -inf
2.913119999999999976e+01 6.480998562241728489e-02 5.960879450522034162e-01 -1.188358074891634253e+00
2.957600000000000051e+01 0.000000000000000000e+00 inf -inf
3.002080000000000126e+01 4.695431145403120704e-02 9.183726034548875816e-01 -1.328324523637994359e+00
3.046560000000000201e+01 0.000000000000000000e+00 inf -inf
3.091040000000000276e+01 3.019654246913447068e-02 1.359820205600168030e+00 -1.520042781299111745e+00
3.135520000000000351e+01 0.000000000000000000e+00 inf -inf
3.180000000000000426e+01 2.050524024026547515e-02 1.746867160694637988e+00 -1.688135138134095659e+00
3.224480000000000501e+01 0.000000000000000000e+00 inf -inf
3.268960000000000576e+01 0.000000000000000000e+00 inf -inf
3.313440000000000651e+01 1.267200936081915724e-02 2.228152061876958356e+00 -1.897154514940929237e+00
3.357920000000000016e+01 0.000000000000000000e+00 inf -inf
3.402400000000000091e+01 8.066758054787697210e-03 2.679795962113491470e+00 -2.093300968598918566e+00
3.446880000000000166e+01 0.000000000000000000e+00 inf -inf
3.491360000000000241e+01 4.664756387379865102e-03 3.227512024068835750e+00 -2.331171031955904027e+00
3.535840000000000316e+01 0.000000000000000000e+00 inf -inf
3.580320000000000391e+01 2.185981932408530195e-03 3.985482511067480971e+00 -2.660353431904936006e+00
3.624800000000000466e+01 0.000000000000000000e+00 inf -inf
3.669280000000000541e+01 0.000000000000000000e+00 inf -inf
3.713759999999999906e+01 1.119264188070690337e-03 4.654876141182243465e+00 -2.951067391684963681e+00
3.758239999999999981e+01 0.000000000000000000e+00 inf -inf
3.802720000000000056e+01 5.312917959020211885e-04 5.399991522848861081e+00 -3.274666890324011259e+00
3.847200000000000131e+01 0.000000000000000000e+00 inf -inf
3.891680000000000206e+01 4.022627468580518761e-04 5.678197440366393955e+00 -3.395490185134707239e+00
3.936160000000000281e+01 0.000000000000000000e+00 inf -inf
3.980640000000000356e+01 1.311604953868373300e-04 6.798881185696761698e+00 -3.882196951690354947e+00
4.025120000000000431e+01 0.000000000000000000e+00 inf -inf
4.069600000000000506e+01 0.000000000000000000e+00 inf -inf
4.114079999999999870e+01 6.726427536430458530e-05 7.466673645601530573e+00 -4.172215532083594525e+00
4.158559999999999945e+01 0.000000000000000000e+00 inf -inf
4.203040000000000020e+01 6.580952254639674187e-07 1.209370855320948124e+01 -6.181711260031449662e+00
4.247520000000000095e+01 0.000000000000000000e+00 inf -inf
4.292000000000000171e+01 1.524177977308314064e-06 1.125384768117534406e+01 -5.816964317740572099e+00
4.336480000000000246e+01 0.000000000000000000e+00 inf -inf
4.380960000000000321e+01 2.338363276541265357e-09 1.773360696344637688e+01 -8.631088018092254899e+00
4.425440000000000396e+01 0.000000000000000000e+00 inf -inf
4.469920000000000471e+01 0.000000000000000000e+00 inf -inf
4.514400000000000546e+01 9.396404355744638695e-06 9.434975813879912465e+00 -5.027038302485101973e+00
4.558880000000000621e+01 0.000000000000000000e+00 inf -inf
4.603359999999999985e+01 0.000000000000000000e+00 inf -inf
4.647840000000000060e+01 0.000000000000000000e+00 inf -inf
4.692320000000000135e+01 6.507691335307390391e-10 1.901265852687830460e+01 -9.186573054160469098e+00
4.736800000000000210e+01 0.000000000000000000e+00 inf -inf
4.781280000000000285e+01 0.000000000000000000e+00 inf -inf
4.825760000000000360e+01 0.000000000000000000e+00 inf -inf
