# created by program: /home/aporutho/.conda/envs/westpa-2020.05/westpa-2020.05/lib/west_tools/plothist.py
# created by user:    aporutho
# created on host:    bhc0064
# created at:         Tue Dec 13 14:03:10 2022
# source data: /gpfs/fs2/scratch/aporutho/LipidPhase/Simulation/Weighted_Ensemble_3/Analysis/ClusterLipids2Total/DPPC_DIPC_CHOL/298K/multi_west/pdist.h5 dimension 0
# column 0: midpoint of bin
# column 1: probability in bin
# column 2: -ln P
# column 3: log10 P
5.000000000000000104e-03 0.000000000000000000e+00 inf -inf
1.499999999999999944e-02 0.000000000000000000e+00 inf -inf
2.500000000000000139e-02 0.000000000000000000e+00 inf -inf
3.500000000000000333e-02 0.000000000000000000e+00 inf -inf
4.499999999999999833e-02 0.000000000000000000e+00 inf -inf
5.500000000000000028e-02 0.000000000000000000e+00 inf -inf
6.500000000000000222e-02 0.000000000000000000e+00 inf -inf
7.500000000000001110e-02 0.000000000000000000e+00 inf -inf
8.499999999999999223e-02 0.000000000000000000e+00 inf -inf
9.500000000000000111e-02 0.000000000000000000e+00 inf -inf
1.050000000000000100e-01 0.000000000000000000e+00 inf -inf
1.149999999999999911e-01 0.000000000000000000e+00 inf -inf
1.250000000000000000e-01 0.000000000000000000e+00 inf -inf
1.350000000000000089e-01 0.000000000000000000e+00 inf -inf
1.450000000000000178e-01 0.000000000000000000e+00 inf -inf
1.549999999999999989e-01 0.000000000000000000e+00 inf -inf
1.650000000000000078e-01 0.000000000000000000e+00 inf -inf
1.749999999999999889e-01 0.000000000000000000e+00 inf -inf
1.849999999999999978e-01 0.000000000000000000e+00 inf -inf
1.950000000000000067e-01 0.000000000000000000e+00 inf -inf
2.050000000000000155e-01 0.000000000000000000e+00 inf -inf
2.149999999999999967e-01 0.000000000000000000e+00 inf -inf
2.250000000000000056e-01 0.000000000000000000e+00 inf -inf
2.349999999999999867e-01 0.000000000000000000e+00 inf -inf
2.449999999999999956e-01 0.000000000000000000e+00 inf -inf
2.550000000000000044e-01 0.000000000000000000e+00 inf -inf
2.650000000000000133e-01 0.000000000000000000e+00 inf -inf
2.750000000000000222e-01 0.000000000000000000e+00 inf -inf
2.850000000000000311e-01 0.000000000000000000e+00 inf -inf
2.949999999999999845e-01 0.000000000000000000e+00 inf -inf
3.049999999999999933e-01 0.000000000000000000e+00 inf -inf
3.150000000000000022e-01 0.000000000000000000e+00 inf -inf
3.250000000000000111e-01 0.000000000000000000e+00 inf -inf
3.350000000000000200e-01 0.000000000000000000e+00 inf -inf
3.450000000000000289e-01 0.000000000000000000e+00 inf -inf
3.549999999999999822e-01 0.000000000000000000e+00 inf -inf
3.649999999999999911e-01 0.000000000000000000e+00 inf -inf
3.750000000000000000e-01 0.000000000000000000e+00 inf -inf
3.850000000000000089e-01 0.000000000000000000e+00 inf -inf
3.950000000000000178e-01 0.000000000000000000e+00 inf -inf
4.050000000000000266e-01 0.000000000000000000e+00 inf -inf
4.150000000000000355e-01 0.000000000000000000e+00 inf -inf
4.249999999999999889e-01 0.000000000000000000e+00 inf -inf
4.349999999999999978e-01 0.000000000000000000e+00 inf -inf
4.450000000000000067e-01 0.000000000000000000e+00 inf -inf
4.550000000000000155e-01 0.000000000000000000e+00 inf -inf
4.650000000000000244e-01 2.347120585080808181e-09 2.206351294536460728e+01 -8.629464597623430322e+00
4.749999999999999778e-01 1.750198534156539404e-05 1.314663263773714164e+01 -4.756912684229050114e+00
4.849999999999999867e-01 1.845918759610068092e-04 1.079079964809960046e+01 -3.733787416543825177e+00
4.949999999999999956e-01 4.000917987853644907e-03 7.714667849586273718e+00 -2.397840350842361801e+00
5.050000000000000044e-01 1.149990318513957263e-02 6.658853064688924128e+00 -1.939305815849574177e+00
5.150000000000000133e-01 4.159530881098150168e-02 5.373204289397646605e+00 -1.380955647074898707e+00
5.250000000000000222e-01 1.150166066209685201e-01 4.356115158001655274e+00 -9.392394497058482727e-01
5.350000000000000311e-01 2.617462260280247199e-01 3.533816249923515063e+00 -5.821195714524426412e-01
5.450000000000000400e-01 7.135204738466509600e-01 2.530980549884220387e+00 -1.465935606697923166e-01
5.550000000000000488e-01 1.576845280230413593e+00 1.738010209379229121e+00 1.977890825244681405e-01
5.650000000000000577e-01 3.077908737493181501e+00 1.069186017317157011e+00 4.882557385004266948e-01
5.749999999999999556e-01 4.282284745470751552e+00 7.389497161588061136e-01 6.316755418176389636e-01
5.849999999999999645e-01 5.216121544930003573e+00 5.416822756786441317e-01 7.173477026773514842e-01
5.949999999999999734e-01 6.459301672517624660e+00 3.279151906352488766e-01 8.101855681242412510e-01
6.049999999999999822e-01 6.520130887434021361e+00 3.185419518601531053e-01 8.142563140018269641e-01
6.149999999999999911e-01 7.057639106080556779e+00 2.393258110153346774e-01 8.486594468484023324e-01
6.250000000000000000e-01 5.906677747272948586e+00 4.173528699008282050e-01 7.713432775449672318e-01
6.350000000000000089e-01 4.629286239035662831e+00 6.610337061782693979e-01 6.655140350041047759e-01
6.450000000000000178e-01 3.554708597330034081e+00 9.251633122702531686e-01 5.508040045710766996e-01
6.550000000000000266e-01 3.762466752393185399e+00 8.683616088943268974e-01 5.754726709099466930e-01
6.650000000000000355e-01 3.270011641864186913e+00 1.008642857251098812e+00 5.145492988341011653e-01
6.750000000000000444e-01 3.412219354275337402e+00 9.660734857332917702e-01 5.330369419823741683e-01
6.850000000000000533e-01 3.413920067042668371e+00 9.655751915445707212e-01 5.332533483989001510e-01
6.950000000000000622e-01 3.621631816254876846e+00 9.065117001182654288e-01 5.589042968072845952e-01
7.050000000000000711e-01 6.261100447457162765e+00 3.590804423657203426e-01 7.966506712705716531e-01
7.149999999999999689e-01 8.603036092684785530e+00 4.132122736631327342e-02 9.346517449187230486e-01
7.249999999999999778e-01 8.965970919936067318e+00 0.000000000000000000e+00 9.525973259493827339e-01
7.349999999999999867e-01 5.214223268140868228e+00 5.420462668686027996e-01 7.171896233120911290e-01
7.449999999999999956e-01 2.468514040660133801e+00 1.289820035724437375e+00 3.924356017860042845e-01
7.550000000000000044e-01 9.956009021634834033e-01 2.197845204695603183e+00 -1.914718527440871943e-03
7.650000000000000133e-01 4.162598042205695736e-01 3.069882086638855867e+00 -3.806355243715127679e-01
7.750000000000000222e-01 1.400293562931613500e-01 4.159339592902991711e+00 -8.537809076101043892e-01
7.850000000000000311e-01 2.453593344435420903e-02 5.901052967102057067e+00 -1.610197415081851879e+00
7.950000000000000400e-01 1.948128106645815802e-03 8.434322715115930791e+00 -2.710382487816719088e+00
8.050000000000000488e-01 4.538457930377284383e-05 1.219377457588501557e+01 -4.343091685929644896e+00
8.150000000000000577e-01 0.000000000000000000e+00 inf -inf
8.250000000000000666e-01 0.000000000000000000e+00 inf -inf
8.349999999999999645e-01 0.000000000000000000e+00 inf -inf
8.449999999999999734e-01 0.000000000000000000e+00 inf -inf
8.549999999999999822e-01 0.000000000000000000e+00 inf -inf
8.649999999999999911e-01 0.000000000000000000e+00 inf -inf
8.750000000000000000e-01 0.000000000000000000e+00 inf -inf
8.850000000000000089e-01 0.000000000000000000e+00 inf -inf
8.950000000000000178e-01 0.000000000000000000e+00 inf -inf
9.050000000000000266e-01 0.000000000000000000e+00 inf -inf
9.150000000000000355e-01 0.000000000000000000e+00 inf -inf
9.250000000000000444e-01 0.000000000000000000e+00 inf -inf
9.350000000000000533e-01 0.000000000000000000e+00 inf -inf
9.450000000000000622e-01 0.000000000000000000e+00 inf -inf
9.550000000000000711e-01 0.000000000000000000e+00 inf -inf
9.649999999999999689e-01 0.000000000000000000e+00 inf -inf
9.749999999999999778e-01 0.000000000000000000e+00 inf -inf
9.849999999999999867e-01 0.000000000000000000e+00 inf -inf
9.949999999999999956e-01 0.000000000000000000e+00 inf -inf
