# created by program: /home/aporutho/.conda/envs/westpa-2020.05/westpa-2020.05/lib/west_tools/plothist.py
# created by user:    aporutho
# created on host:    bhc0064
# created at:         Tue Dec 13 14:03:06 2022
# source data: /gpfs/fs2/scratch/aporutho/LipidPhase/Simulation/Weighted_Ensemble_3/Analysis/ClusterLipids2Total/DPPC_DIPC_CHOL/298K/multi_west/pdist.h5 dimension 0
# column 0: midpoint of bin
# column 1: probability in bin
# column 2: -ln P
# column 3: log10 P
5.000000000000000104e-03 0.000000000000000000e+00 inf -inf
1.499999999999999944e-02 0.000000000000000000e+00 inf -inf
2.500000000000000139e-02 0.000000000000000000e+00 inf -inf
3.500000000000000333e-02 0.000000000000000000e+00 inf -inf
4.499999999999999833e-02 0.000000000000000000e+00 inf -inf
5.500000000000000028e-02 0.000000000000000000e+00 inf -inf
6.500000000000000222e-02 0.000000000000000000e+00 inf -inf
7.500000000000001110e-02 0.000000000000000000e+00 inf -inf
8.499999999999999223e-02 0.000000000000000000e+00 inf -inf
9.500000000000000111e-02 0.000000000000000000e+00 inf -inf
1.050000000000000100e-01 0.000000000000000000e+00 inf -inf
1.149999999999999911e-01 0.000000000000000000e+00 inf -inf
1.250000000000000000e-01 0.000000000000000000e+00 inf -inf
1.350000000000000089e-01 0.000000000000000000e+00 inf -inf
1.450000000000000178e-01 0.000000000000000000e+00 inf -inf
1.549999999999999989e-01 0.000000000000000000e+00 inf -inf
1.650000000000000078e-01 0.000000000000000000e+00 inf -inf
1.749999999999999889e-01 0.000000000000000000e+00 inf -inf
1.849999999999999978e-01 0.000000000000000000e+00 inf -inf
1.950000000000000067e-01 0.000000000000000000e+00 inf -inf
2.050000000000000155e-01 0.000000000000000000e+00 inf -inf
2.149999999999999967e-01 0.000000000000000000e+00 inf -inf
2.250000000000000056e-01 0.000000000000000000e+00 inf -inf
2.349999999999999867e-01 0.000000000000000000e+00 inf -inf
2.449999999999999956e-01 0.000000000000000000e+00 inf -inf
2.550000000000000044e-01 0.000000000000000000e+00 inf -inf
2.650000000000000133e-01 0.000000000000000000e+00 inf -inf
2.750000000000000222e-01 0.000000000000000000e+00 inf -inf
2.850000000000000311e-01 0.000000000000000000e+00 inf -inf
2.949999999999999845e-01 0.000000000000000000e+00 inf -inf
3.049999999999999933e-01 0.000000000000000000e+00 inf -inf
3.150000000000000022e-01 0.000000000000000000e+00 inf -inf
3.250000000000000111e-01 0.000000000000000000e+00 inf -inf
3.350000000000000200e-01 0.000000000000000000e+00 inf -inf
3.450000000000000289e-01 0.000000000000000000e+00 inf -inf
3.549999999999999822e-01 0.000000000000000000e+00 inf -inf
3.649999999999999911e-01 0.000000000000000000e+00 inf -inf
3.750000000000000000e-01 0.000000000000000000e+00 inf -inf
3.850000000000000089e-01 0.000000000000000000e+00 inf -inf
3.950000000000000178e-01 0.000000000000000000e+00 inf -inf
4.050000000000000266e-01 0.000000000000000000e+00 inf -inf
4.150000000000000355e-01 0.000000000000000000e+00 inf -inf
4.249999999999999889e-01 0.000000000000000000e+00 inf -inf
4.349999999999999978e-01 0.000000000000000000e+00 inf -inf
4.450000000000000067e-01 0.000000000000000000e+00 inf -inf
4.550000000000000155e-01 0.000000000000000000e+00 inf -inf
4.650000000000000244e-01 0.000000000000000000e+00 inf -inf
4.749999999999999778e-01 7.471136270859650554e-08 1.865216366476255772e+01 -7.126613342142236185e+00
4.849999999999999867e-01 3.959701972744274431e-07 1.698445690754544302e+01 -6.402337500050077068e+00
4.949999999999999956e-01 1.672573399012254667e-04 1.093850699372523039e+01 -3.776614814614518423e+00
5.050000000000000044e-01 2.300251646134270772e-03 8.317266770282660815e+00 -2.638224649830564150e+00
5.150000000000000133e-01 1.494420194900247627e-02 6.445961903482282374e+00 -1.825527272220459851e+00
5.250000000000000222e-01 8.196875834150105233e-02 4.743947119763959108e+00 -1.086351643533835176e+00
5.350000000000000311e-01 3.010572003494128013e-01 3.442985017517444568e+00 -5.213509813629200185e-01
5.450000000000000400e-01 7.686450968376840054e-01 2.505655948184343007e+00 -1.142741388240435529e-01
5.550000000000000488e-01 2.036312265341498673e+00 1.531389560710175068e+00 3.088443771598030074e-01
5.650000000000000577e-01 3.479781430279548449e+00 9.955605351903862310e-01 5.415519661866439183e-01
5.749999999999999556e-01 4.617418457537929122e+00 7.126942461175789223e-01 6.643992346474143496e-01
5.849999999999999645e-01 5.415962762888140603e+00 5.531793594169596151e-01 7.336756697229156465e-01
5.949999999999999734e-01 6.826392315660995358e+00 3.217336970533319906e-01 8.341912437478823383e-01
6.049999999999999822e-01 6.864195836681998841e+00 3.162111268495682026e-01 8.365896655133002735e-01
6.149999999999999911e-01 5.983168845017679871e+00 4.535796848084727717e-01 7.769312588047408985e-01
6.250000000000000000e-01 4.138545751586399923e+00 8.221855612178601280e-01 6.168477606830319315e-01
6.350000000000000089e-01 3.239179245083490866e+00 1.067210041318589431e+00 5.104349810440721447e-01
6.450000000000000178e-01 2.999054599394846754e+00 1.144232914145316471e+00 4.769843723950886738e-01
6.550000000000000266e-01 3.207393462846392485e+00 1.077071417670160569e+00 5.061522397106135163e-01
6.650000000000000355e-01 3.022452871082416337e+00 1.136461308922114499e+00 4.803595376590558130e-01
6.750000000000000444e-01 2.634222422385135598e+00 1.273941977038414830e+00 4.206524421277741399e-01
6.850000000000000533e-01 3.474037310283817792e+00 9.972126119891970841e-01 5.408344783492400332e-01
6.950000000000000622e-01 4.372572696367059031e+00 7.671784660280203116e-01 6.407370385895063691e-01
7.050000000000000711e-01 6.877055711991914677e+00 3.143394081027377496e-01 8.374025426367235347e-01
7.149999999999999689e-01 8.669090650273544085e+00 8.276611894989072127e-02 9.379735442719913108e-01
7.249999999999999778e-01 9.417126688557782899e+00 0.000000000000000000e+00 9.739184130204769918e-01
7.349999999999999867e-01 6.342614055327875811e+00 3.952390245753791831e-01 8.022682856145659791e-01
7.449999999999999956e-01 3.417645009084259389e+00 1.013578299563492102e+00 5.337269505431710970e-01
7.550000000000000044e-01 1.271591084942286898e+00 2.002261080481289479e+00 1.043474744378100200e-01
7.650000000000000133e-01 3.955879715510626782e-01 3.169912104892972149e+00 -4.027569222528628590e-01
7.750000000000000222e-01 1.053240296866980730e-01 4.493243703336847972e+00 -9.774725331852480714e-01
7.850000000000000311e-01 2.190693584189431706e-02 6.063482006804196800e+00 -1.659418363654241668e+00
7.950000000000000400e-01 2.206891935540821349e-03 8.358700136932560198e+00 -2.656218932333289651e+00
8.050000000000000488e-01 7.746122463731628543e-05 1.170826309368422358e+01 -4.110915641238077178e+00
8.150000000000000577e-01 0.000000000000000000e+00 inf -inf
8.250000000000000666e-01 0.000000000000000000e+00 inf -inf
8.349999999999999645e-01 0.000000000000000000e+00 inf -inf
8.449999999999999734e-01 0.000000000000000000e+00 inf -inf
8.549999999999999822e-01 0.000000000000000000e+00 inf -inf
8.649999999999999911e-01 0.000000000000000000e+00 inf -inf
8.750000000000000000e-01 0.000000000000000000e+00 inf -inf
8.850000000000000089e-01 0.000000000000000000e+00 inf -inf
8.950000000000000178e-01 0.000000000000000000e+00 inf -inf
9.050000000000000266e-01 0.000000000000000000e+00 inf -inf
9.150000000000000355e-01 0.000000000000000000e+00 inf -inf
9.250000000000000444e-01 0.000000000000000000e+00 inf -inf
9.350000000000000533e-01 0.000000000000000000e+00 inf -inf
9.450000000000000622e-01 0.000000000000000000e+00 inf -inf
9.550000000000000711e-01 0.000000000000000000e+00 inf -inf
9.649999999999999689e-01 0.000000000000000000e+00 inf -inf
9.749999999999999778e-01 0.000000000000000000e+00 inf -inf
9.849999999999999867e-01 0.000000000000000000e+00 inf -inf
9.949999999999999956e-01 0.000000000000000000e+00 inf -inf
