# created by program: /home/aporutho/Downloads/WESTPA/westpa/lib/west_tools/plothist.py
# created by user:    aporutho
# created on host:    bluehive
# created at:         Thu Dec  2 14:29:18 2021
# source data: /gpfs/fs2/scratch/aporutho/LipidPhase/Simulation/Weighted_Ensemble_2/Analysis/SegIndex/DPPC_DIPC_CHOL/323K/1/pdist.h5 dimension 0
# column 0: midpoint of bin
# column 1: probability in bin
# column 2: -ln P
# column 3: log10 P
1.024575424122810219e+00 0.000000000000000000e+00 inf -inf
1.031662797713279733e+00 0.000000000000000000e+00 inf -inf
1.038750171303749248e+00 0.000000000000000000e+00 inf -inf
1.045837544894218318e+00 0.000000000000000000e+00 inf -inf
1.052924918484687833e+00 1.287261415393467819e-05 1.359775516600029732e+01 -4.890333248173938330e+00
1.060012292075157347e+00 1.256951747036876552e-04 1.131899755948777653e+01 -3.900681394070488750e+00
1.067099665665626418e+00 3.260608467835810040e-04 1.036577327642030610e+01 -3.486701347918102822e+00
1.074187039256095932e+00 9.777131303639135206e-04 9.267640982675105832e+00 -3.009788552344801804e+00
1.081274412846565225e+00 3.102124035506993553e-03 8.113014958352360750e+00 -2.508340841319543379e+00
1.088361786437034517e+00 1.391519516407549797e-02 6.612120587638877112e+00 -1.856510698199024034e+00
1.095449160027504032e+00 2.024476274476520038e-02 6.237205877750040983e+00 -1.693687308509943978e+00
1.102536533617973324e+00 6.874731503289634171e-02 5.014664326246885295e+00 -1.162744258794683461e+00
1.109623907208442617e+00 2.520083632329512269e-01 3.715639733570894609e+00 -5.985850463388813214e-01
1.116711280798912131e+00 4.817266486696434313e-01 3.067725173728794719e+00 -3.171993282546831106e-01
1.123798654389381424e+00 7.182022168943983376e-01 2.668350839439915134e+00 -1.437532586592380479e-01
1.130886027979850716e+00 1.017733466003307274e+00 2.319768666349489195e+00 7.634055603778075114e-03
1.137973401570320231e+00 1.232517555779495178e+00 2.128287858108415254e+00 9.079311401325124153e-02
1.145060775160789523e+00 2.534243715353193593e+00 1.407451473588846813e+00 4.038483781651904247e-01
1.152148148751258816e+00 4.914006472982771712e+00 7.452571376304053530e-01 6.914357242195297015e-01
1.159235522341728331e+00 7.094542405206130553e+00 3.780209158400038572e-01 8.509243888980997372e-01
1.166322895932197623e+00 5.439009827681267062e+00 6.437497016514395209e-01 7.355198435373421217e-01
1.173410269522666916e+00 3.354675757779350675e+00 1.126991607705663423e+00 5.256505503135830981e-01
1.180497643113136430e+00 9.135461795933794704e+00 1.251829880558896768e-01 9.607305057505934887e-01
1.187585016703605501e+00 1.035372883748983952e+01 0.000000000000000000e+00 1.015096786691426889e+00
1.194672390294075015e+00 8.781929866695019626e+00 1.646505429030060697e-01 9.435899644662769647e-01
1.201759763884544530e+00 6.272998861070540499e+00 5.010922014278171854e-01 7.974752086865731782e-01
1.208847137475013600e+00 2.839966945458809455e+00 1.293554315799408938e+00 4.533132852976072824e-01
1.215934511065483115e+00 2.703515963572068692e+00 1.342793594379591671e+00 4.319289383173369190e-01
1.223021884655952629e+00 3.446675822031185721e+00 1.099936492277876043e+00 5.374004376511267722e-01
1.230109258246421700e+00 7.071815831226524018e+00 3.812294459501670563e-01 8.495309419762353542e-01
1.237196631836891214e+00 6.999565699292997323e+00 3.914986248094103338e-01 8.450710942639885204e-01
1.244284005427360729e+00 5.508774314205875378e+00 6.310045780746762478e-01 7.410549803779055145e-01
1.251371379017829799e+00 4.202755951268527745e+00 9.016062400102808905e-01 6.235341718054231430e-01
1.258458752608299314e+00 3.737657645656543348e+00 1.018887611714681229e+00 5.725995192441578618e-01
1.265546126198768606e+00 2.119748637501102984e+00 1.586049214544024366e+00 3.262843647879705156e-01
1.272633499789237899e+00 1.659836516866781242e+00 1.830627615278425768e+00 2.200653149562976085e-01
1.279720873379707413e+00 1.917652577600568176e+00 1.686244906779664765e+00 2.827699285395552931e-01
1.286808246970176706e+00 1.417587148909560613e+00 1.988390493539715642e+00 1.515497674782449455e-01
1.293895620560645998e+00 3.832167239756432697e-01 3.296501319876891767e+00 -4.165555461178935825e-01
1.300982994151115513e+00 9.054314235433830182e-02 4.739275559751069622e+00 -1.043144437127407453e+00
1.308070367741584805e+00 2.099274798320781288e-02 6.200924964015074536e+00 -1.677930707876440275e+00
1.315157741332054098e+00 8.238457481661944082e-03 7.136288880393914624e+00 -2.084154095331185008e+00
1.322245114922523612e+00 1.096695004726485657e-03 9.152800892012527001e+00 -2.959914134668774732e+00
1.329332488512992905e+00 7.436904873978326816e-04 9.541232350231888759e+00 -3.128607773571076667e+00
1.336419862103462197e+00 6.881532553930437860e-04 9.618845718887213181e+00 -3.162314831300006901e+00
1.343507235693931712e+00 5.554014670772459842e-04 9.833166070598243991e+00 -3.255392977407671751e+00
1.350594609284401004e+00 1.259483398948405388e-04 1.131698546490255453e+01 -3.899807552495059504e+00
1.357681982874870297e+00 1.671147420069540813e-06 1.563934681856144415e+01 -5.776985237180984889e+00
1.364769356465339811e+00 5.847437933376300545e-05 1.208426858874745413e+01 -4.233034379238388212e+00
1.371856730055809104e+00 1.227447800490398793e-03 9.040164953240388712e+00 -2.910996967996042351e+00
1.378944103646278396e+00 1.471212036357313381e-02 6.556430339375875604e+00 -1.832324730682580727e+00
1.386031477236747911e+00 6.878238027279175160e-02 5.014154396510223322e+00 -1.162522799123892447e+00
1.393118850827216981e+00 8.000201769145984243e-02 4.863050152464891696e+00 -1.096899059742842963e+00
1.400206224417686496e+00 1.220619265452675406e-01 4.440573497379954659e+00 -9.134197797065113367e-01
1.407293598008156010e+00 2.425854377310257826e-01 3.753748039096430844e+00 -6.151352731433048504e-01
1.414380971598625081e+00 1.915946362510036194e-01 3.989720137333661931e+00 -7.176166532908664353e-01
1.421468345189094595e+00 2.062863319027191111e-01 3.915836843582746418e+00 -6.855295465100069707e-01
1.428555718779563888e+00 6.912182344795010369e-01 2.706646409920041574e+00 -1.603848136000940172e-01
1.435643092370033180e+00 8.774576578753828793e-01 2.468073306921639176e+00 -5.677383143735176274e-02
1.442730465960502695e+00 1.303940049656327149e+00 2.071956240724153631e+00 1.152576245999212962e-01
1.449817839550971987e+00 2.006837183924406354e+00 1.640786786561807986e+00 3.025121393078650800e-01
1.456905213141441280e+00 2.191751993052946101e+00 1.552645508152497467e+00 3.407914101489268877e-01
1.463992586731910794e+00 1.997146015632677019e+00 1.645627559728534361e+00 3.004098182334105638e-01
1.471079960322380087e+00 2.164408198261115857e+00 1.565199754427148315e+00 3.353391702673916286e-01
1.478167333912849379e+00 1.267160243780364182e+00 2.100568360675347801e+00 1.028315387895637201e-01
1.485254707503318894e+00 1.750435555090020134e+00 1.777482083391180190e+00 2.431461261927417850e-01
1.492342081093788186e+00 3.186072300690653947e+00 1.178557824502674656e+00 5.032556269060143306e-01
1.499429454684257479e+00 2.741689714525103572e+00 1.328772314520129338e+00 4.380183027895225845e-01
1.506516828274726993e+00 1.533808655537848287e+00 1.909592769450644489e+00 1.857711842366635002e-01
1.513604201865196286e+00 2.437038654061272513e+00 1.446563093134531020e+00 3.868624176182003938e-01
1.520691575455665578e+00 2.414377176086591081e+00 1.455905373239524847e+00 3.828051169202070780e-01
1.527778949046135093e+00 1.788616105881239315e+00 1.755904533350603813e+00 2.525171371083552718e-01
1.534866322636604385e+00 1.176212082941377801e+00 2.175047553127953837e+00 7.048563649078672111e-02
1.541953696227073678e+00 8.962893471214826713e-01 2.446838715065149827e+00 -4.755176536861072806e-02
1.549041069817543192e+00 5.664568384964659975e-01 2.905701120166432894e+00 -2.468331758569525525e-01
1.556128443408012485e+00 7.122021465501370274e-01 2.676740223153851073e+00 -1.473967217127693796e-01
1.563215816998481777e+00 7.600672080723352986e-01 2.611695146919321253e+00 -1.191480040291367920e-01
1.570303190588951292e+00 4.955688455651908186e-01 3.039395722240596509e+00 -3.048960037980127380e-01
1.577390564179420585e+00 5.031371911144371101e-01 3.024239129298247342e+00 -2.983135791186968255e-01
1.584477937769889877e+00 2.202442092506436688e-01 3.850365035204356801e+00 -6.570955014110450021e-01
1.591565311360359170e+00 1.193257411786759897e-01 4.463244933663053970e+00 -9.232658593810824099e-01
1.598652684950828684e+00 1.204469477776302228e-01 4.453892619384971496e+00 -9.192042008970866540e-01
1.605740058541297977e+00 1.466300056621852033e-01 4.257189562359524615e+00 -8.337771486574339086e-01
1.612827432131767269e+00 1.332203949707224666e-01 4.353097146182836497e+00 -8.754292830845719076e-01
1.619914805722236562e+00 9.487046965168088875e-02 4.692589524095200915e+00 -1.022868949460125521e+00
1.627002179312706076e+00 4.221743610688684367e-02 5.502268694368172675e+00 -1.374508145221680300e+00
1.634089552903175369e+00 7.589288973707391216e-03 7.218364100298058972e+00 -2.119798910436551331e+00
1.641176926493644661e+00 2.510732940618034311e-04 1.062711238222607157e+01 -3.600199479475076902e+00
1.648264300084114176e+00 0.000000000000000000e+00 inf -inf
1.655351673674583468e+00 0.000000000000000000e+00 inf -inf
1.662439047265052761e+00 0.000000000000000000e+00 inf -inf
1.669526420855522275e+00 0.000000000000000000e+00 inf -inf
1.676613794445991568e+00 0.000000000000000000e+00 inf -inf
1.683701168036460860e+00 0.000000000000000000e+00 inf -inf
1.690788541626930375e+00 0.000000000000000000e+00 inf -inf
1.697875915217399667e+00 0.000000000000000000e+00 inf -inf
1.704963288807868960e+00 0.000000000000000000e+00 inf -inf
1.712050662398338474e+00 0.000000000000000000e+00 inf -inf
1.719138035988807767e+00 0.000000000000000000e+00 inf -inf
1.726225409579277059e+00 0.000000000000000000e+00 inf -inf
