# created by program: /home/aporutho/.conda/envs/westpa-2020.05/westpa-2020.05/lib/west_tools/plothist.py
# created by user:    aporutho
# created on host:    bhg0001
# created at:         Mon Nov 21 12:39:59 2022
# source data: /gpfs/fs2/scratch/aporutho/LipidPhase/Simulation/Weighted_Ensemble_3/Analysis/ClusterLipids2Total_OtherCVs_AuxData/DPPC_DAPC_CHOL/298K/multi_west/CHE.h5 dimension 0
# column 0: midpoint of bin
# column 1: probability in bin
# column 2: -ln P
# column 3: log10 P
4.914912241578102581e+00 1.936127352987676142e-03 6.949749284855500697e+00 -2.713066079423938959e+00
4.924778037905692685e+00 2.516125193907711201e-03 6.687718956343212007e+00 -2.599267753659755709e+00
4.934643834233284565e+00 1.433035500228830444e-02 4.948059038152294420e+00 -1.843743050801177397e+00
4.944509630560874669e+00 9.818771435840391998e-03 5.326143046875165155e+00 -2.007942849485381487e+00
4.954375426888466549e+00 4.059698966916456403e-02 3.906745135269236169e+00 -1.391506168849926839e+00
4.964241223216056653e+00 6.292081057327592042e-02 3.468562092339845471e+00 -1.201205691242116735e+00
4.974107019543648533e+00 7.774962769391276229e-02 3.256945290503127310e+00 -1.109301681926416094e+00
4.983972815871238637e+00 1.152076789603036222e-01 2.863702649366482778e+00 -9.385185728317106957e-01
4.993838612198829630e+00 1.456372366987644384e-01 2.629320203425818736e+00 -8.367275699046929915e-01
5.003704408526420622e+00 1.950454609318900134e-01 2.337206388671749124e+00 -7.098641520692919871e-01
5.013570204854010726e+00 3.031093801650473485e-01 1.896345322036632641e+00 -5.184006235436788845e-01
5.023436001181602606e+00 4.236706378536129192e-01 1.561482697194906955e+00 -3.729716333792786886e-01
5.033301797509192710e+00 5.600009290199881029e-01 1.282500610356192894e+00 -2.518112525153714532e-01
5.043167593836784590e+00 6.108500184918695952e-01 1.195587592925850373e+00 -2.140654086398125211e-01
5.053033390164374694e+00 7.307482991012003160e-01 1.016369976666608554e+00 -1.362321868385693024e-01
5.062899186491966574e+00 8.484072258831587554e-01 8.670783133228747719e-01 -7.139564125422773189e-02
5.072764982819556678e+00 8.488668844029773064e-01 8.665366700747150208e-01 -7.116040858039184014e-02
5.082630779147148559e+00 1.061657392783407650e+00 6.428525089601353493e-01 2.598438828082805935e-02
5.092496575474738663e+00 1.203910540916697913e+00 5.171087315042123267e-01 8.059421696360596910e-02
5.102362371802330543e+00 1.139813003244687595e+00 5.718195573559967659e-01 5.683360719580620585e-02
5.112228168129920647e+00 1.459557364920202938e+00 3.245505590248278782e-01 1.642211687167772216e-01
5.122093964457512527e+00 1.490301426694956355e+00 3.037053747733430287e-01 1.732741172114536654e-01
5.131959760785102631e+00 1.737653956481430173e+00 1.501478714879239673e-01 2.399632935431516290e-01
5.141825557112694511e+00 1.775205584389461855e+00 1.287675356543861449e-01 2.492486554168954482e-01
5.151691353440284615e+00 1.883254640386630818e+00 6.968230231437511080e-02 2.749090462184283212e-01
5.161557149767875607e+00 1.940123146784660912e+00 3.993232528147594440e-02 2.878292970805648721e-01
5.171422946095466600e+00 1.940181632717751015e+00 3.990218026121694628e-02 2.878423888965201960e-01
5.181288742423056704e+00 2.019164423425649169e+00 0.000000000000000000e+00 3.051716855998756195e-01
5.191154538750648584e+00 1.980759027916788373e+00 1.920365538582813336e-02 2.968316440334387574e-01
5.201020335078238688e+00 1.981454943796151502e+00 1.885237910873283074e-02 2.969842013822047710e-01
5.210886131405830568e+00 2.017030422190736694e+00 1.057432317013606848e-03 3.047124485796104398e-01
5.220751927733420672e+00 1.988671401141623996e+00 1.521699591625391701e-02 2.985630282423021864e-01
5.230617724061012552e+00 1.693470066924626538e+00 1.759040562199829516e-01 2.287775246391376138e-01
5.240483520388602656e+00 1.750549525676232898e+00 1.427540207508718462e-01 2.431744021182696558e-01
5.250349316716194537e+00 1.697374231710184533e+00 1.736012866635258112e-01 2.297776047506017438e-01
5.260215113043784640e+00 1.664633882718628000e+00 1.930785650722219859e-01 2.213187302152116454e-01
5.270080909371376521e+00 1.598463973409089078e+00 2.336406225508175227e-01 2.037028524776150762e-01
5.279946705698966625e+00 1.665077844287289555e+00 1.928118984009353776e-01 2.214345420790589380e-01
5.289812502026558505e+00 1.413988133011207626e+00 3.562695991225853231e-01 1.504457646310531915e-01
5.299678298354148609e+00 1.347030023228130258e+00 4.047815879270422745e-01 1.293772755871251956e-01
5.309544094681739601e+00 1.279717753995803120e+00 4.560442251401259917e-01 1.071141951176746571e-01
5.319409891009330593e+00 1.247866774698845660e+00 4.812482608597929978e-01 9.616822148293080463e-02
5.329275687336920697e+00 1.208585576815321083e+00 5.132330429870610722e-01 8.227740710018051351e-02
5.339141483664512577e+00 1.250548897137024440e+00 4.791012014262764906e-01 9.710067754722535860e-02
5.349007279992102681e+00 1.151877988898161176e+00 5.612901298163461838e-01 6.140647947387655597e-02
5.358873076319694562e+00 1.126772055468349798e+00 5.833268172574244126e-01 5.183606771878962460e-02
5.368738872647284666e+00 1.232064094414759836e+00 4.939928856207432828e-01 9.063330127532256975e-02
5.378604668974876546e+00 1.180558728829524728e+00 5.366959486457756334e-01 7.208759664318424576e-02
5.388470465302466650e+00 1.282704389133728862e+00 4.537131209554442490e-01 1.081265808018235103e-01
5.398336261630058530e+00 1.355872570390862952e+00 3.982385636018350161e-01 1.322188749465214586e-01
5.408202057957648634e+00 1.442473071886578140e+00 3.363247225098813242e-01 1.591077144861917647e-01
5.418067854285240514e+00 1.412694450440552529e+00 3.571849354737933746e-01 1.500482391046380759e-01
5.427933650612830618e+00 1.695782779962323072e+00 1.745393227515003032e-01 2.293702208537683196e-01
5.437799446940422499e+00 1.738285460624722445e+00 1.497845140904200401e-01 2.401210976558462995e-01
5.447665243268012603e+00 1.685911558515029052e+00 1.803773722591403006e-01 2.268347881675222832e-01
5.457531039595604483e+00 1.634219714823569758e+00 2.115183222715452116e-01 2.133104454159098218e-01
5.467396835923194587e+00 1.748120314309880019e+00 1.441426695047227646e-01 2.425713196271703787e-01
5.477262632250785579e+00 1.593748029635480234e+00 2.365952804494538819e-01 2.024196608563254562e-01
5.487128428578376571e+00 1.725696360792895012e+00 1.570531176264879925e-01 2.369643832489895241e-01
5.496994224905966675e+00 1.749628683877660906e+00 1.432801892855500858e-01 2.429458900271077582e-01
5.506860021233558555e+00 1.596613296408007754e+00 2.347990779193523392e-01 2.031997417035292242e-01
5.516725817561148659e+00 1.776084765667122811e+00 1.282724022189527524e-01 2.494636891357099873e-01
5.526591613888740540e+00 1.894100674255398076e+00 6.393962640898043226e-02 2.774030586754999694e-01
5.536457410216330643e+00 1.798364317383694067e+00 1.158062348581935241e-01 2.548776768309701235e-01
5.546323206543922524e+00 1.956450015256457231e+00 3.155215976584380133e-02 2.914687567214398478e-01
5.556189002871512628e+00 1.822327704053873010e+00 1.025691318765293847e-01 2.606264776122919624e-01
5.566054799199104508e+00 1.873680983574446346e+00 7.477883762567127945e-02 2.726956490559073187e-01
5.575920595526694612e+00 1.827573006362180452e+00 9.969491346047820723e-02 2.618747348101677086e-01
5.585786391854286492e+00 1.913710847821650463e+00 5.363956464142505265e-02 2.818763186644119290e-01
5.595652188181876596e+00 1.808062531161479303e+00 1.104279268748278309e-01 2.572134463101220514e-01
5.605517984509468477e+00 1.780263964449691816e+00 1.259221261220495602e-01 2.504844010755441497e-01
5.615383780837058580e+00 1.534605372028771342e+00 2.744105127056180593e-01 1.859967141555834980e-01
5.625249577164650461e+00 1.221915139625161517e+00 5.022643595700009289e-01 8.704104578195347164e-02
5.635115373492240565e+00 1.206764375058589689e+00 5.147410663693098298e-01 8.162248086668884295e-02
5.644981169819831557e+00 1.192449256074615827e+00 5.266743837491398850e-01 7.643990697782844512e-02
5.654846966147422549e+00 8.080056681218180659e-01 9.158699795495358620e-01 -9.258559265933191673e-02
5.664712762475012653e+00 7.903027578089962812e-01 9.380229432711255644e-01 -1.022065025614212613e-01
5.674578558802604533e+00 6.583723352197626832e-01 1.120668422764191652e+00 -1.815284264498333577e-01
5.684444355130194637e+00 4.769177438635370803e-01 1.443095021760767427e+00 -3.215565192128788108e-01
5.694310151457786517e+00 3.522120183811174865e-01 1.746205733828686046e+00 -4.531958288697411907e-01
5.704175947785376621e+00 2.559406426135650836e-01 2.065493500244271807e+00 -5.918607439632445066e-01
5.714041744112968502e+00 2.102478369184109241e-01 2.262152042388875017e+00 -6.772684636357838572e-01
5.723907540440558606e+00 1.432956988575032620e-01 2.645528733615736261e+00 -8.437668451259365821e-01
5.733773336768150486e+00 9.330471213093849414e-02 3.074568441315566947e+00 -1.030096422697357239e+00
5.743639133095740590e+00 5.638491109400559087e-02 3.578237464132039580e+00 -1.248837100012154311e+00
5.753504929423332470e+00 3.768646186127187769e-02 3.981138124909838094e+00 -1.423814633743125890e+00
5.763370725750922574e+00 3.701503506344413358e-02 3.999114869877042011e+00 -1.431621834884964750e+00
5.773236522078514454e+00 3.077883161521255753e-02 4.183611884577877582e+00 -1.511747870297160734e+00
5.783102318406104558e+00 1.240385080900503756e-02 5.092432079534370715e+00 -1.906443466009003274e+00
5.792968114733695550e+00 2.253803651731440486e-03 6.797819752258157600e+00 -2.647083921778772275e+00
5.802833911061286543e+00 2.505963255111105358e-03 6.691765859446821452e+00 -2.601025301346450380e+00
5.812699707388877535e+00 5.707184660794235864e-03 5.868713205123147425e+00 -2.243578075257854021e+00
5.822565503716468527e+00 0.000000000000000000e+00 inf -inf
5.832431300044058631e+00 0.000000000000000000e+00 inf -inf
5.842297096371650511e+00 1.222399967024790745e-04 9.712208033587996781e+00 -3.912786670483823670e+00
5.852162892699240615e+00 0.000000000000000000e+00 inf -inf
5.862028689026832495e+00 0.000000000000000000e+00 inf -inf
5.871894485354422599e+00 0.000000000000000000e+00 inf -inf
5.881760281682014480e+00 0.000000000000000000e+00 inf -inf
5.891626078009604583e+00 0.000000000000000000e+00 inf -inf
