# created by program: /home/aporutho/.conda/envs/westpa-2020.05/westpa-2020.05/lib/west_tools/plothist.py
# created by user:    aporutho
# created on host:    bhc0064
# created at:         Tue Dec 13 13:55:03 2022
# source data: /gpfs/fs2/scratch/aporutho/LipidPhase/Simulation/Weighted_Ensemble_3/Analysis/ClusterLipids2Total/DPPC_DAPC_CHOL/423K/multi_west/pdist.h5 dimension 0
# column 0: midpoint of bin
# column 1: probability in bin
# column 2: -ln P
# column 3: log10 P
5.000000000000000104e-03 0.000000000000000000e+00 inf -inf
1.499999999999999944e-02 0.000000000000000000e+00 inf -inf
2.500000000000000139e-02 0.000000000000000000e+00 inf -inf
3.500000000000000333e-02 0.000000000000000000e+00 inf -inf
4.499999999999999833e-02 0.000000000000000000e+00 inf -inf
5.500000000000000028e-02 0.000000000000000000e+00 inf -inf
6.500000000000000222e-02 0.000000000000000000e+00 inf -inf
7.500000000000001110e-02 0.000000000000000000e+00 inf -inf
8.499999999999999223e-02 0.000000000000000000e+00 inf -inf
9.500000000000000111e-02 0.000000000000000000e+00 inf -inf
1.050000000000000100e-01 0.000000000000000000e+00 inf -inf
1.149999999999999911e-01 0.000000000000000000e+00 inf -inf
1.250000000000000000e-01 0.000000000000000000e+00 inf -inf
1.350000000000000089e-01 0.000000000000000000e+00 inf -inf
1.450000000000000178e-01 0.000000000000000000e+00 inf -inf
1.549999999999999989e-01 0.000000000000000000e+00 inf -inf
1.650000000000000078e-01 0.000000000000000000e+00 inf -inf
1.749999999999999889e-01 0.000000000000000000e+00 inf -inf
1.849999999999999978e-01 0.000000000000000000e+00 inf -inf
1.950000000000000067e-01 0.000000000000000000e+00 inf -inf
2.050000000000000155e-01 0.000000000000000000e+00 inf -inf
2.149999999999999967e-01 0.000000000000000000e+00 inf -inf
2.250000000000000056e-01 0.000000000000000000e+00 inf -inf
2.349999999999999867e-01 0.000000000000000000e+00 inf -inf
2.449999999999999956e-01 0.000000000000000000e+00 inf -inf
2.550000000000000044e-01 0.000000000000000000e+00 inf -inf
2.650000000000000133e-01 0.000000000000000000e+00 inf -inf
2.750000000000000222e-01 0.000000000000000000e+00 inf -inf
2.850000000000000311e-01 0.000000000000000000e+00 inf -inf
2.949999999999999845e-01 0.000000000000000000e+00 inf -inf
3.049999999999999933e-01 0.000000000000000000e+00 inf -inf
3.150000000000000022e-01 0.000000000000000000e+00 inf -inf
3.250000000000000111e-01 0.000000000000000000e+00 inf -inf
3.350000000000000200e-01 0.000000000000000000e+00 inf -inf
3.450000000000000289e-01 0.000000000000000000e+00 inf -inf
3.549999999999999822e-01 0.000000000000000000e+00 inf -inf
3.649999999999999911e-01 0.000000000000000000e+00 inf -inf
3.750000000000000000e-01 0.000000000000000000e+00 inf -inf
3.850000000000000089e-01 0.000000000000000000e+00 inf -inf
3.950000000000000178e-01 0.000000000000000000e+00 inf -inf
4.050000000000000266e-01 0.000000000000000000e+00 inf -inf
4.150000000000000355e-01 0.000000000000000000e+00 inf -inf
4.249999999999999889e-01 0.000000000000000000e+00 inf -inf
4.349999999999999978e-01 0.000000000000000000e+00 inf -inf
4.450000000000000067e-01 3.775221267073312946e-05 1.253434771688542781e+01 -4.423057589133381207e+00
4.550000000000000155e-01 4.913138847275325108e-06 1.457347879066987950e+01 -5.308640962355421600e+00
4.650000000000000244e-01 1.055879231913738422e-04 1.150584780364291326e+01 -3.976385752174184329e+00
4.749999999999999778e-01 1.252412774993731464e-04 1.133514970784061582e+01 -3.902252511095853915e+00
4.849999999999999867e-01 1.607805077607146098e-03 8.782766582659435883e+00 -2.793766604126690201e+00
4.949999999999999956e-01 4.192768083260409347e-03 7.824275369471335395e+00 -2.377499159286345254e+00
5.050000000000000044e-01 1.045385274922417708e-02 6.910665931075049784e+00 -1.980723621576109039e+00
5.150000000000000133e-01 4.978008373090347938e-02 5.350021546717874443e+00 -1.302944377236490148e+00
5.250000000000000222e-01 1.396002518489853073e-01 4.318853531272387691e+00 -8.551137982133882876e-01
5.350000000000000311e-01 4.113798377733702827e-01 3.238119558472310366e+00 -3.857569974209354990e-01
5.450000000000000400e-01 7.261047243873440804e-01 2.669942272785456261e+00 -1.390007375043673665e-01
5.550000000000000488e-01 1.350172062745299328e+00 2.049649208478533158e+00 1.303891174869883374e-01
5.650000000000000577e-01 2.464359494471014322e+00 1.447949312933513477e+00 3.917040618839533472e-01
5.749999999999999556e-01 3.794537072967433033e+00 1.016318826693500377e+00 5.791588002792085188e-01
5.849999999999999645e-01 5.550177914991043515e+00 6.360512626930423519e-01 7.443069049713990637e-01
5.949999999999999734e-01 7.027674634018310940e+00 4.000253731113883049e-01 8.468116464030177593e-01
6.049999999999999822e-01 8.916952051382079247e+00 1.619270567685129336e-01 9.502164313411831653e-01
6.149999999999999911e-01 1.005011313135444695e+01 4.229735539980605807e-02 1.002170950517346615e+00
6.250000000000000000e-01 1.048432460257671650e+01 0.000000000000000000e+00 1.020540458566583153e+00
6.350000000000000089e-01 9.745170289320201462e+00 7.310943935327385290e-02 9.887894324804157309e-01
6.450000000000000178e-01 9.035539878313162632e+00 1.487155703315590216e-01 9.559541069984921480e-01
6.550000000000000266e-01 8.521041537653152531e+00 2.073426671195339743e-01 9.304926823734667174e-01
6.650000000000000355e-01 6.719629411599682633e+00 4.448482407617004863e-01 8.273453223194073836e-01
6.750000000000000444e-01 5.505997705589632751e+00 6.440432566833205197e-01 7.408360260820173737e-01
6.850000000000000533e-01 4.132617922483095008e+00 9.309701610006970718e-01 6.162252548273984276e-01
6.950000000000000622e-01 2.712146238904965312e+00 1.352140955168299019e+00 4.333131029815986413e-01
7.050000000000000711e-01 1.587270718280454851e+00 1.887865234768581146e+00 2.006510045296012179e-01
7.149999999999999689e-01 7.108692815421718825e-01 2.691147964332514242e+00 -1.482102523281969564e-01
7.249999999999999778e-01 2.774817032841557229e-01 3.631881528773269086e+00 -5.567656483059939543e-01
7.349999999999999867e-01 6.085279000505938729e-02 5.149178856757350431e+00 -1.215719505256028787e+00
7.449999999999999956e-01 7.906789366250634860e-03 7.189914721836725420e+00 -2.101999830482060627e+00
7.550000000000000044e-01 1.769232009201675152e-03 8.687090966354370281e+00 -2.752215211912707460e+00
7.650000000000000133e-01 2.718939534137647059e-06 1.516514987752622368e+01 -5.565600450478831895e+00
7.750000000000000222e-01 0.000000000000000000e+00 inf -inf
7.850000000000000311e-01 0.000000000000000000e+00 inf -inf
7.950000000000000400e-01 0.000000000000000000e+00 inf -inf
8.050000000000000488e-01 0.000000000000000000e+00 inf -inf
8.150000000000000577e-01 0.000000000000000000e+00 inf -inf
8.250000000000000666e-01 0.000000000000000000e+00 inf -inf
8.349999999999999645e-01 0.000000000000000000e+00 inf -inf
8.449999999999999734e-01 0.000000000000000000e+00 inf -inf
8.549999999999999822e-01 0.000000000000000000e+00 inf -inf
8.649999999999999911e-01 0.000000000000000000e+00 inf -inf
8.750000000000000000e-01 0.000000000000000000e+00 inf -inf
8.850000000000000089e-01 0.000000000000000000e+00 inf -inf
8.950000000000000178e-01 0.000000000000000000e+00 inf -inf
9.050000000000000266e-01 0.000000000000000000e+00 inf -inf
9.150000000000000355e-01 0.000000000000000000e+00 inf -inf
9.250000000000000444e-01 0.000000000000000000e+00 inf -inf
9.350000000000000533e-01 0.000000000000000000e+00 inf -inf
9.450000000000000622e-01 0.000000000000000000e+00 inf -inf
9.550000000000000711e-01 0.000000000000000000e+00 inf -inf
9.649999999999999689e-01 0.000000000000000000e+00 inf -inf
9.749999999999999778e-01 0.000000000000000000e+00 inf -inf
9.849999999999999867e-01 0.000000000000000000e+00 inf -inf
9.949999999999999956e-01 0.000000000000000000e+00 inf -inf
