# created by program: /home/aporutho/.conda/envs/westpa-2020.05/westpa-2020.05/lib/west_tools/plothist.py
# created by user:    aporutho
# created on host:    bhc0064
# created at:         Tue Dec 13 13:55:19 2022
# source data: /gpfs/fs2/scratch/aporutho/LipidPhase/Simulation/Weighted_Ensemble_3/Analysis/ClusterLipids2Total/DPPC_DAPC_CHOL/423K/multi_west/pdist.h5 dimension 0
# column 0: midpoint of bin
# column 1: probability in bin
# column 2: -ln P
# column 3: log10 P
5.000000000000000104e-03 0.000000000000000000e+00 inf -inf
1.499999999999999944e-02 0.000000000000000000e+00 inf -inf
2.500000000000000139e-02 0.000000000000000000e+00 inf -inf
3.500000000000000333e-02 0.000000000000000000e+00 inf -inf
4.499999999999999833e-02 0.000000000000000000e+00 inf -inf
5.500000000000000028e-02 0.000000000000000000e+00 inf -inf
6.500000000000000222e-02 0.000000000000000000e+00 inf -inf
7.500000000000001110e-02 0.000000000000000000e+00 inf -inf
8.499999999999999223e-02 0.000000000000000000e+00 inf -inf
9.500000000000000111e-02 0.000000000000000000e+00 inf -inf
1.050000000000000100e-01 0.000000000000000000e+00 inf -inf
1.149999999999999911e-01 0.000000000000000000e+00 inf -inf
1.250000000000000000e-01 0.000000000000000000e+00 inf -inf
1.350000000000000089e-01 0.000000000000000000e+00 inf -inf
1.450000000000000178e-01 0.000000000000000000e+00 inf -inf
1.549999999999999989e-01 0.000000000000000000e+00 inf -inf
1.650000000000000078e-01 0.000000000000000000e+00 inf -inf
1.749999999999999889e-01 0.000000000000000000e+00 inf -inf
1.849999999999999978e-01 0.000000000000000000e+00 inf -inf
1.950000000000000067e-01 0.000000000000000000e+00 inf -inf
2.050000000000000155e-01 0.000000000000000000e+00 inf -inf
2.149999999999999967e-01 0.000000000000000000e+00 inf -inf
2.250000000000000056e-01 0.000000000000000000e+00 inf -inf
2.349999999999999867e-01 0.000000000000000000e+00 inf -inf
2.449999999999999956e-01 0.000000000000000000e+00 inf -inf
2.550000000000000044e-01 0.000000000000000000e+00 inf -inf
2.650000000000000133e-01 0.000000000000000000e+00 inf -inf
2.750000000000000222e-01 0.000000000000000000e+00 inf -inf
2.850000000000000311e-01 0.000000000000000000e+00 inf -inf
2.949999999999999845e-01 0.000000000000000000e+00 inf -inf
3.049999999999999933e-01 0.000000000000000000e+00 inf -inf
3.150000000000000022e-01 0.000000000000000000e+00 inf -inf
3.250000000000000111e-01 0.000000000000000000e+00 inf -inf
3.350000000000000200e-01 0.000000000000000000e+00 inf -inf
3.450000000000000289e-01 0.000000000000000000e+00 inf -inf
3.549999999999999822e-01 0.000000000000000000e+00 inf -inf
3.649999999999999911e-01 0.000000000000000000e+00 inf -inf
3.750000000000000000e-01 0.000000000000000000e+00 inf -inf
3.850000000000000089e-01 0.000000000000000000e+00 inf -inf
3.950000000000000178e-01 0.000000000000000000e+00 inf -inf
4.050000000000000266e-01 0.000000000000000000e+00 inf -inf
4.150000000000000355e-01 0.000000000000000000e+00 inf -inf
4.249999999999999889e-01 0.000000000000000000e+00 inf -inf
4.349999999999999978e-01 0.000000000000000000e+00 inf -inf
4.450000000000000067e-01 0.000000000000000000e+00 inf -inf
4.550000000000000155e-01 3.146870090083704158e-05 1.266932468729888939e+01 -4.502121185375413503e+00
4.650000000000000244e-01 8.057688309517460515e-05 1.172910631882395727e+01 -4.093789536162672604e+00
4.749999999999999778e-01 5.460578683184742722e-04 9.815593160904988679e+00 -3.262761330629198486e+00
4.849999999999999867e-01 3.571705504493822691e-03 7.937519623917927092e+00 -2.447124356907194542e+00
4.949999999999999956e-01 5.070597607317638492e-03 7.587104156060290094e+00 -2.294940852843077028e+00
5.050000000000000044e-01 3.394225068388136840e-02 5.685902266766724722e+00 -1.469259363338844437e+00
5.150000000000000133e-01 7.191103174284799171e-02 4.935133153275042872e+00 -1.143204480166010839e+00
5.250000000000000222e-01 1.467400128615228005e-01 4.221900437048695665e+00 -8.334514471960401405e-01
5.350000000000000311e-01 3.741361584112438687e-01 3.285943046899006958e+00 -4.269703173574613264e-01
5.450000000000000400e-01 7.271297134832729325e-01 2.621457953416773012e+00 -1.383881079511605217e-01
5.550000000000000488e-01 1.416308797940112996e+00 1.954753509863401462e+00 1.511579529444467274e-01
5.650000000000000577e-01 2.373723550324587261e+00 1.438347718488447669e+00 3.754301385614710052e-01
5.749999999999999556e-01 4.280289821994397670e+00 8.487868362804082967e-01 6.314731764504356581e-01
5.849999999999999645e-01 6.193579791790408073e+00 4.792943209215068112e-01 7.919417369753589675e-01
5.949999999999999734e-01 7.830471989661939247e+00 2.447847711645017021e-01 8.937879403884423368e-01
6.049999999999999822e-01 9.247334515040666503e+00 7.847220953881528516e-02 9.660165681736725407e-01
6.149999999999999911e-01 1.000222490754131499e+01 0.000000000000000000e+00 1.000096615759135776e+00
6.250000000000000000e-01 9.490157885663908388e+00 5.255230946107758427e-02 9.772734377489176172e-01
6.350000000000000089e-01 9.444693618040119532e+00 5.735449710810947010e-02 9.751878741527477690e-01
6.450000000000000178e-01 8.986179981316151810e+00 1.071197194730268976e-01 9.535751126889757678e-01
6.550000000000000266e-01 8.478898497313819504e+00 1.652270118186396353e-01 9.283394362649372011e-01
6.650000000000000355e-01 7.630251196850185380e+00 2.706867919855029392e-01 8.825388356757384312e-01
6.750000000000000444e-01 5.629390647409984183e+00 5.748063558489089342e-01 7.504613872510377259e-01
6.850000000000000533e-01 4.112493425047149209e+00 8.887780416832973263e-01 6.141052166193013973e-01
6.950000000000000622e-01 2.123964347777954842e+00 1.549523241177239719e+00 3.271472225350188778e-01
7.050000000000000711e-01 9.747510375683886563e-01 2.328380745675135532e+00 -1.110629385735448227e-02
7.149999999999999689e-01 3.392795156240817622e-01 3.383738540475930812e+00 -4.694423605729242110e-01
7.249999999999999778e-01 7.389821953853323300e-02 4.907874103166992796e+00 -1.131366025122159780e+00
7.349999999999999867e-01 8.284180907879606925e-03 7.096215056460168924e+00 -2.081750425660287895e+00
7.449999999999999956e-01 6.313181184543413494e-04 9.670508231774675778e+00 -3.199751746500579141e+00
7.550000000000000044e-01 3.318078302714262803e-05 1.261634723310982942e+01 -4.479113369355822272e+00
7.650000000000000133e-01 0.000000000000000000e+00 inf -inf
7.750000000000000222e-01 0.000000000000000000e+00 inf -inf
7.850000000000000311e-01 0.000000000000000000e+00 inf -inf
7.950000000000000400e-01 0.000000000000000000e+00 inf -inf
8.050000000000000488e-01 0.000000000000000000e+00 inf -inf
8.150000000000000577e-01 0.000000000000000000e+00 inf -inf
8.250000000000000666e-01 0.000000000000000000e+00 inf -inf
8.349999999999999645e-01 0.000000000000000000e+00 inf -inf
8.449999999999999734e-01 0.000000000000000000e+00 inf -inf
8.549999999999999822e-01 0.000000000000000000e+00 inf -inf
8.649999999999999911e-01 0.000000000000000000e+00 inf -inf
8.750000000000000000e-01 0.000000000000000000e+00 inf -inf
8.850000000000000089e-01 0.000000000000000000e+00 inf -inf
8.950000000000000178e-01 0.000000000000000000e+00 inf -inf
9.050000000000000266e-01 0.000000000000000000e+00 inf -inf
9.150000000000000355e-01 0.000000000000000000e+00 inf -inf
9.250000000000000444e-01 0.000000000000000000e+00 inf -inf
9.350000000000000533e-01 0.000000000000000000e+00 inf -inf
9.450000000000000622e-01 0.000000000000000000e+00 inf -inf
9.550000000000000711e-01 0.000000000000000000e+00 inf -inf
9.649999999999999689e-01 0.000000000000000000e+00 inf -inf
9.749999999999999778e-01 0.000000000000000000e+00 inf -inf
9.849999999999999867e-01 0.000000000000000000e+00 inf -inf
9.949999999999999956e-01 0.000000000000000000e+00 inf -inf
