# created by program: /home/aporutho/Downloads/WESTPA/westpa/lib/west_tools/plothist.py
# created by user:    aporutho
# created on host:    bluehive
# created at:         Thu Dec  2 14:30:46 2021
# source data: /gpfs/fs2/scratch/aporutho/LipidPhase/Simulation/Weighted_Ensemble_2/Analysis/ClusterLipids2Total/DPPC_DIPC_CHOL/323K/1/pdist.h5 dimension 0
# column 0: midpoint of bin
# column 1: probability in bin
# column 2: -ln P
# column 3: log10 P
2.399003638088703094e-01 0.000000000000000000e+00 inf -inf
2.454212705075740630e-01 0.000000000000000000e+00 inf -inf
2.509421772062778722e-01 0.000000000000000000e+00 inf -inf
2.564630839049816258e-01 0.000000000000000000e+00 inf -inf
2.619839906036853794e-01 0.000000000000000000e+00 inf -inf
2.675048973023891330e-01 0.000000000000000000e+00 inf -inf
2.730258040010928866e-01 0.000000000000000000e+00 inf -inf
2.785467106997966957e-01 0.000000000000000000e+00 inf -inf
2.840676173985004493e-01 0.000000000000000000e+00 inf -inf
2.895885240972042030e-01 0.000000000000000000e+00 inf -inf
2.951094307959079566e-01 0.000000000000000000e+00 inf -inf
3.006303374946117102e-01 0.000000000000000000e+00 inf -inf
3.061512441933155193e-01 0.000000000000000000e+00 inf -inf
3.116721508920192729e-01 0.000000000000000000e+00 inf -inf
3.171930575907230265e-01 0.000000000000000000e+00 inf -inf
3.227139642894267801e-01 0.000000000000000000e+00 inf -inf
3.282348709881305893e-01 0.000000000000000000e+00 inf -inf
3.337557776868343429e-01 0.000000000000000000e+00 inf -inf
3.392766843855380965e-01 0.000000000000000000e+00 inf -inf
3.447975910842418501e-01 0.000000000000000000e+00 inf -inf
3.503184977829456037e-01 0.000000000000000000e+00 inf -inf
3.558394044816494128e-01 0.000000000000000000e+00 inf -inf
3.613603111803531664e-01 0.000000000000000000e+00 inf -inf
3.668812178790569201e-01 0.000000000000000000e+00 inf -inf
3.724021245777606737e-01 0.000000000000000000e+00 inf -inf
3.779230312764644828e-01 0.000000000000000000e+00 inf -inf
3.834439379751682364e-01 0.000000000000000000e+00 inf -inf
3.889648446738719900e-01 0.000000000000000000e+00 inf -inf
3.944857513725757436e-01 0.000000000000000000e+00 inf -inf
4.000066580712794972e-01 0.000000000000000000e+00 inf -inf
4.055275647699833064e-01 0.000000000000000000e+00 inf -inf
4.110484714686870600e-01 0.000000000000000000e+00 inf -inf
4.165693781673908136e-01 0.000000000000000000e+00 inf -inf
4.220902848660945672e-01 0.000000000000000000e+00 inf -inf
4.276111915647983763e-01 0.000000000000000000e+00 inf -inf
4.331320982635021299e-01 0.000000000000000000e+00 inf -inf
4.386530049622058836e-01 0.000000000000000000e+00 inf -inf
4.441739116609096372e-01 0.000000000000000000e+00 inf -inf
4.496948183596133908e-01 5.907349628369663511e-05 1.211979225968417317e+01 -4.228607324524278788e+00
4.552157250583171999e-01 1.469944578791632236e-04 1.120817974350768154e+01 -3.832699039114889850e+00
4.607366317570209535e-01 2.845619739106728264e-04 1.054762356374559751e+01 -3.545823135257123671e+00
4.662575384557247071e-01 6.637616727060627678e-03 7.398066376680010769e+00 -2.177987828475811849e+00
4.717784451544284607e-01 1.328542927657384333e-02 6.704151457524325508e+00 -1.876624408176156722e+00
4.772993518531322699e-01 2.575663183687160532e-02 6.042127208078102107e+00 -1.589110929755519930e+00
4.828202585518360235e-01 2.090064228994069351e-02 6.251039459016601185e+00 -1.679840367540097468e+00
4.883411652505397771e-01 8.736148741743932078e-02 4.820764810941094325e+00 -1.058679980274789489e+00
4.938620719492435307e-01 1.702108426584146295e-01 4.153781429585008844e+00 -7.690127782306693804e-01
4.993829786479472843e-01 2.154829837634031631e-01 3.917937404319845385e+00 -6.665870194681577932e-01
5.049038853466509824e-01 3.089416347514353789e-01 3.557666974333972831e+00 -5.101235597323815485e-01
5.104247920453548470e-01 4.109269890155424765e-01 3.272403792673248102e+00 -3.862353340469638074e-01
5.159456987440586007e-01 7.902374359933913572e-01 2.618485896896506571e+00 -1.022424002933391418e-01
5.214666054427623543e-01 1.142394275266286785e+00 2.249937768664964199e+00 5.781601811339167479e-02
5.269875121414662189e-01 1.303484949166251239e+00 2.118022662262126765e+00 1.151060209038243798e-01
5.325084188401698615e-01 1.721035825507819750e+00 1.840137736415500713e+00 2.357899108031083490e-01
5.380293255388737261e-01 2.810753061799745822e+00 1.349611629144287672e+00 4.488226924204786750e-01
5.435502322375773687e-01 3.642061107714002599e+00 1.090514310329978587e+00 5.613472282574607508e-01
5.490711389362812334e-01 4.440318378571580737e+00 8.923379893503249338e-01 6.474141109028119789e-01
5.545920456349848759e-01 6.269710715934507128e+00 5.473338543381742749e-01 7.972475029723934403e-01
5.601129523336887406e-01 7.422622065697323634e+00 3.785316972268653046e-01 8.705573483392008427e-01
5.656338590323924942e-01 8.224789619893847714e+00 2.759113519132316839e-01 9.151247980399180859e-01
5.711547657310962478e-01 8.664019167687746048e+00 2.238853480758939973e-01 9.377194044219512303e-01
5.766756724298001124e-01 8.028074007788275068e+00 3.001194205094779299e-01 9.046113674310329866e-01
5.821965791285037550e-01 7.744476807918547756e+00 3.360841507598171241e-01 8.889920835401716737e-01
5.877174858272076197e-01 6.100214462985456443e+00 5.747401416814230668e-01 7.853451036097656157e-01
5.932383925259112623e-01 5.311902064234157450e+00 7.131140948078662500e-01 7.252500593278121688e-01
5.987592992246151269e-01 4.104496018253105838e+00 9.709811073964631500e-01 6.132598386957081038e-01
6.042802059233187695e-01 2.785970603343848051e+00 1.358467746370774387e+00 4.449765295779272156e-01
6.098011126220226341e-01 1.899003535430446421e+00 1.741734776547992025e+00 2.785257732765145100e-01
6.153220193207263877e-01 2.241919231873346519e+00 1.575731771142272475e+00 3.506199625035742451e-01
6.208429260194301413e-01 2.246087191675839811e+00 1.573874393675582350e+00 3.514266112881690995e-01
6.263638327181340060e-01 3.163347906748571692e+00 1.231433139185437842e+00 5.001469584892660469e-01
6.318847394168376486e-01 3.690977670876944394e+00 1.077172695692970139e+00 5.671414178739931922e-01
6.374056461155415132e-01 4.770339684632703303e+00 8.206465550331301095e-01 6.785493052264991443e-01
6.429265528142451558e-01 5.170634989764061551e+00 7.400685671261466592e-01 7.135438807373689629e-01
6.484474595129490204e-01 6.336107794199014265e+00 5.367994027683986591e-01 8.018225571590240630e-01
6.539683662116526630e-01 7.268335201491529673e+00 3.995368004555075458e-01 8.614349479151932609e-01
6.594892729103565276e-01 8.349012315380749172e+00 2.609208238258045043e-01 9.216351016691033404e-01
6.650101796090602813e-01 9.261381472595720865e+00 1.572108454729659321e-01 9.666757729860468995e-01
6.705310863077640349e-01 9.722855672944872296e+00 1.085847012728020644e-01 9.877938390884097863e-01
6.760519930064678995e-01 1.083806061672647303e+01 0.000000000000000000e+00 1.034951575670300716e+00
6.815728997051715421e-01 8.745479598433227864e+00 2.145271205542345072e-01 9.417836309950030627e-01
6.870938064038754067e-01 6.198122261881327866e+00 5.588176849166210935e-01 7.922601387210621571e-01
6.926147131025790493e-01 4.682762046435912318e+00 8.391759534054366032e-01 6.705020897604192509e-01
6.981356198012829140e-01 2.659409545111380613e+00 1.404959947477776083e+00 4.247852231856201755e-01
7.036565264999865565e-01 1.324338443311149582e+00 2.102151023423796339e+00 1.219989860700724932e-01
7.091774331986904212e-01 4.747174515496456748e-01 3.128099560886294483e+00 -3.235648024666020195e-01
7.146983398973941748e-01 2.155051760166935004e-01 3.917834421196962236e+00 -6.665422944661604232e-01
7.202192465960979284e-01 1.010659851994187980e-01 4.675045726763710441e+00 -9.953949861085561457e-01
7.257401532948016820e-01 2.261217645081884005e-03 8.474915899887768944e+00 -2.645657634245088818e+00
7.312610599935054356e-01 4.677570357863838262e-05 1.235321071425966011e+01 -4.329979671320797863e+00
7.367819666922093003e-01 1.341230760178840995e-03 8.997231678925633247e+00 -2.872496494892231578e+00
7.423028733909129429e-01 0.000000000000000000e+00 inf -inf
7.478237800896168075e-01 0.000000000000000000e+00 inf -inf
7.533446867883204501e-01 0.000000000000000000e+00 inf -inf
7.588655934870243147e-01 0.000000000000000000e+00 inf -inf
7.643865001857279573e-01 0.000000000000000000e+00 inf -inf
7.699074068844318219e-01 0.000000000000000000e+00 inf -inf
7.754283135831356866e-01 0.000000000000000000e+00 inf -inf
7.809492202818393292e-01 0.000000000000000000e+00 inf -inf
7.864701269805431938e-01 0.000000000000000000e+00 inf -inf
