# created by program: /home/aporutho/.conda/envs/westpa-2020.02/westpa-2020.03/lib/west_tools/plothist.py
# created by user:    aporutho
# created on host:    bhc0136
# created at:         Mon Aug  8 03:48:12 2022
# source data: /gpfs/fs2/scratch/aporutho/LipidPhase/Simulation/Weighted_Ensemble_3/Analysis/ClusterLipids2Total_AuxData/DPPC_POPC_CHOL/450K/multi_west/outbytotal.h5 dimension 0
# column 0: midpoint of bin
# column 1: probability in bin
# column 2: -ln P
# column 3: log10 P
6.269251685619354753e-01 0.000000000000000000e+00 inf -inf
6.307755056858062037e-01 0.000000000000000000e+00 inf -inf
6.346258428096771542e-01 0.000000000000000000e+00 inf -inf
6.384761799335478827e-01 0.000000000000000000e+00 inf -inf
6.423265170574188332e-01 0.000000000000000000e+00 inf -inf
6.461768541812897837e-01 0.000000000000000000e+00 inf -inf
6.500271913051605122e-01 0.000000000000000000e+00 inf -inf
6.538775284290314627e-01 0.000000000000000000e+00 inf -inf
6.577278655529021911e-01 0.000000000000000000e+00 inf -inf
6.615782026767731416e-01 0.000000000000000000e+00 inf -inf
6.654285398006438701e-01 0.000000000000000000e+00 inf -inf
6.692788769245148206e-01 0.000000000000000000e+00 inf -inf
6.731292140483855491e-01 0.000000000000000000e+00 inf -inf
6.769795511722564996e-01 0.000000000000000000e+00 inf -inf
6.808298882961272280e-01 0.000000000000000000e+00 inf -inf
6.846802254199981785e-01 0.000000000000000000e+00 inf -inf
6.885305625438691290e-01 0.000000000000000000e+00 inf -inf
6.923808996677398575e-01 0.000000000000000000e+00 inf -inf
6.962312367916108080e-01 0.000000000000000000e+00 inf -inf
7.000815739154815365e-01 0.000000000000000000e+00 inf -inf
7.039319110393524870e-01 0.000000000000000000e+00 inf -inf
7.077822481632232154e-01 0.000000000000000000e+00 inf -inf
7.116325852870941659e-01 0.000000000000000000e+00 inf -inf
7.154829224109648944e-01 0.000000000000000000e+00 inf -inf
7.193332595348358449e-01 0.000000000000000000e+00 inf -inf
7.231835966587067954e-01 0.000000000000000000e+00 inf -inf
7.270339337825775239e-01 0.000000000000000000e+00 inf -inf
7.308842709064484744e-01 0.000000000000000000e+00 inf -inf
7.347346080303192029e-01 0.000000000000000000e+00 inf -inf
7.385849451541901534e-01 0.000000000000000000e+00 inf -inf
7.424352822780608818e-01 0.000000000000000000e+00 inf -inf
7.462856194019318323e-01 0.000000000000000000e+00 inf -inf
7.501359565258025608e-01 0.000000000000000000e+00 inf -inf
7.539862936496735113e-01 0.000000000000000000e+00 inf -inf
7.578366307735443508e-01 0.000000000000000000e+00 inf -inf
7.616869678974151903e-01 0.000000000000000000e+00 inf -inf
7.655373050212861408e-01 0.000000000000000000e+00 inf -inf
7.693876421451568692e-01 0.000000000000000000e+00 inf -inf
7.732379792690278197e-01 0.000000000000000000e+00 inf -inf
7.770883163928985482e-01 0.000000000000000000e+00 inf -inf
7.809386535167694987e-01 0.000000000000000000e+00 inf -inf
7.847889906406402272e-01 0.000000000000000000e+00 inf -inf
7.886393277645111777e-01 0.000000000000000000e+00 inf -inf
7.924896648883819061e-01 0.000000000000000000e+00 inf -inf
7.963400020122528566e-01 0.000000000000000000e+00 inf -inf
8.001903391361238072e-01 0.000000000000000000e+00 inf -inf
8.040406762599945356e-01 0.000000000000000000e+00 inf -inf
8.078910133838654861e-01 0.000000000000000000e+00 inf -inf
8.117413505077362146e-01 0.000000000000000000e+00 inf -inf
8.155916876316071651e-01 0.000000000000000000e+00 inf -inf
8.194420247554778935e-01 0.000000000000000000e+00 inf -inf
8.232923618793488441e-01 0.000000000000000000e+00 inf -inf
8.271426990032195725e-01 0.000000000000000000e+00 inf -inf
8.309930361270905230e-01 0.000000000000000000e+00 inf -inf
8.348433732509613625e-01 0.000000000000000000e+00 inf -inf
8.386937103748322020e-01 0.000000000000000000e+00 inf -inf
8.425440474987031525e-01 0.000000000000000000e+00 inf -inf
8.463943846225738810e-01 0.000000000000000000e+00 inf -inf
8.502447217464448315e-01 0.000000000000000000e+00 inf -inf
8.540950588703155599e-01 0.000000000000000000e+00 inf -inf
8.579453959941865104e-01 3.253525569724916282e-03 8.967725165118933361e+00 -2.487645775760677580e+00
8.617957331180572389e-01 0.000000000000000000e+00 inf -inf
8.656460702419281894e-01 0.000000000000000000e+00 inf -inf
8.694964073657990289e-01 0.000000000000000000e+00 inf -inf
8.733467444896698684e-01 0.000000000000000000e+00 inf -inf
8.771970816135407079e-01 2.972168822104276440e-04 1.136075752772939573e+01 -3.526926525858303130e+00
8.810474187374115473e-01 1.508548630333395729e-02 7.433731254550664858e+00 -1.821440685127688530e+00
8.848977558612824978e-01 1.529181539295239485e-02 7.420146620555958528e+00 -1.815540953545112135e+00
8.887480929851532263e-01 4.861042713272816645e-02 6.263626306234913343e+00 -1.313270562826468035e+00
8.925984301090241768e-01 6.639284517728280544e-02 5.951875066862521990e+00 -1.177878719840538269e+00
8.964487672328949053e-01 1.311395137471988992e-01 5.271202617247138456e+00 -8.822664309890081435e-01
9.002991043567658558e-01 1.757899748676904905e-01 4.978174406340935221e+00 -7.550058959504619693e-01
9.041494414806366953e-01 4.815172125469722175e-01 3.970522385824575728e+00 -3.173881837615445956e-01
9.079997786045075348e-01 4.874787469180634214e-01 3.958217670762870455e+00 -3.120443139088541762e-01
9.118501157283783742e-01 9.324171668321006301e-01 3.309684045746972725e+00 -3.038973923573696362e-02
9.157004528522492137e-01 1.512000167637493897e+00 2.826275696574094720e+00 1.795518393160042137e-01
9.195507899761201642e-01 1.881077057693463672e+00 2.607864569378780306e+00 2.744065866431985579e-01
9.234011270999908927e-01 3.290515906438357785e+00 2.048664722251397841e+00 5.172639945317626387e-01
9.272514642238618432e-01 4.604677593263453161e+00 1.712636430267135079e+00 6.631992275039028106e-01
9.311018013477325717e-01 6.102019103192160898e+00 1.431089368268805728e+00 7.854735629258500218e-01
9.349521384716035222e-01 1.031921901113322981e+01 9.057010052288090307e-01 1.013646829850302966e+00
9.388024755954742506e-01 9.363097464138022019e+00 1.002932923801333587e+00 9.714195441493891359e-01
9.426528127193452011e-01 1.606979744489572681e+01 4.627675100819197418e-01 1.206010402642717638e+00
9.465031498432160406e-01 1.989715795281237121e+01 2.491321801131700653e-01 1.298791047587726011e+00
9.503534869670868801e-01 1.931981572338717967e+01 2.785777945908622932e-01 1.286002979703813942e+00
9.542038240909577196e-01 2.552629469024011755e+01 0.000000000000000000e+00 1.406987778675402812e+00
9.580541612148285591e-01 2.548435595176702151e+01 1.644313389248974744e-03 1.406273662443932482e+00
9.619044983386995096e-01 2.398843951954876985e+01 6.213705758860976758e-02 1.380001997442965145e+00
9.657548354625702380e-01 2.333933325092997890e+01 8.956902555061851956e-02 1.368088445129317821e+00
9.696051725864411885e-01 2.207625261718379051e+01 1.452065966223425875e-01 1.343925355026368118e+00
9.734555097103119170e-01 1.411485938567698284e+01 5.924809855960551097e-01 1.149676555998436100e+00
9.773058468341828675e-01 1.299672613186989700e+01 6.750115954672724072e-01 1.113833967543256476e+00
9.811561839580537070e-01 1.017436849053187231e+01 9.198374206128221431e-01 1.007507462655133690e+00
9.850065210819245465e-01 2.353871750619732861e+00 2.383647559318824438e+00 3.717827968610832312e-01
9.888568582057953860e-01 3.466881776876014065e+00 1.996453518626728929e+00 5.399390321594834674e-01
9.927071953296662254e-01 1.363147506710773005e+00 2.929912716252438099e+00 1.345428535488010779e-01
9.965575324535371760e-01 0.000000000000000000e+00 inf -inf
1.000407869577407904e+00 1.163352409447665770e-01 5.390988332979034681e+00 -9.342887063422019578e-01
1.004258206701278855e+00 0.000000000000000000e+00 inf -inf
1.008108543825149805e+00 0.000000000000000000e+00 inf -inf
