# created by program: /home/aporutho/.conda/envs/westpa-2020.05/westpa-2020.05/lib/west_tools/plothist.py
# created by user:    aporutho
# created on host:    bhc0064
# created at:         Tue Dec 13 13:50:57 2022
# source data: /gpfs/fs2/scratch/aporutho/LipidPhase/Simulation/Weighted_Ensemble_3/Analysis/ClusterLipids2Total/DPPC_DAPC_CHOL/323K/multi_west/pdist.h5 dimension 0
# column 0: midpoint of bin
# column 1: probability in bin
# column 2: -ln P
# column 3: log10 P
5.000000000000000104e-03 0.000000000000000000e+00 inf -inf
1.499999999999999944e-02 0.000000000000000000e+00 inf -inf
2.500000000000000139e-02 0.000000000000000000e+00 inf -inf
3.500000000000000333e-02 0.000000000000000000e+00 inf -inf
4.499999999999999833e-02 0.000000000000000000e+00 inf -inf
5.500000000000000028e-02 0.000000000000000000e+00 inf -inf
6.500000000000000222e-02 0.000000000000000000e+00 inf -inf
7.500000000000001110e-02 0.000000000000000000e+00 inf -inf
8.499999999999999223e-02 0.000000000000000000e+00 inf -inf
9.500000000000000111e-02 0.000000000000000000e+00 inf -inf
1.050000000000000100e-01 0.000000000000000000e+00 inf -inf
1.149999999999999911e-01 0.000000000000000000e+00 inf -inf
1.250000000000000000e-01 0.000000000000000000e+00 inf -inf
1.350000000000000089e-01 0.000000000000000000e+00 inf -inf
1.450000000000000178e-01 0.000000000000000000e+00 inf -inf
1.549999999999999989e-01 0.000000000000000000e+00 inf -inf
1.650000000000000078e-01 0.000000000000000000e+00 inf -inf
1.749999999999999889e-01 0.000000000000000000e+00 inf -inf
1.849999999999999978e-01 0.000000000000000000e+00 inf -inf
1.950000000000000067e-01 0.000000000000000000e+00 inf -inf
2.050000000000000155e-01 0.000000000000000000e+00 inf -inf
2.149999999999999967e-01 0.000000000000000000e+00 inf -inf
2.250000000000000056e-01 0.000000000000000000e+00 inf -inf
2.349999999999999867e-01 0.000000000000000000e+00 inf -inf
2.449999999999999956e-01 0.000000000000000000e+00 inf -inf
2.550000000000000044e-01 0.000000000000000000e+00 inf -inf
2.650000000000000133e-01 0.000000000000000000e+00 inf -inf
2.750000000000000222e-01 0.000000000000000000e+00 inf -inf
2.850000000000000311e-01 0.000000000000000000e+00 inf -inf
2.949999999999999845e-01 0.000000000000000000e+00 inf -inf
3.049999999999999933e-01 0.000000000000000000e+00 inf -inf
3.150000000000000022e-01 0.000000000000000000e+00 inf -inf
3.250000000000000111e-01 0.000000000000000000e+00 inf -inf
3.350000000000000200e-01 0.000000000000000000e+00 inf -inf
3.450000000000000289e-01 0.000000000000000000e+00 inf -inf
3.549999999999999822e-01 0.000000000000000000e+00 inf -inf
3.649999999999999911e-01 0.000000000000000000e+00 inf -inf
3.750000000000000000e-01 0.000000000000000000e+00 inf -inf
3.850000000000000089e-01 0.000000000000000000e+00 inf -inf
3.950000000000000178e-01 0.000000000000000000e+00 inf -inf
4.050000000000000266e-01 0.000000000000000000e+00 inf -inf
4.150000000000000355e-01 0.000000000000000000e+00 inf -inf
4.249999999999999889e-01 0.000000000000000000e+00 inf -inf
4.349999999999999978e-01 0.000000000000000000e+00 inf -inf
4.450000000000000067e-01 0.000000000000000000e+00 inf -inf
4.550000000000000155e-01 0.000000000000000000e+00 inf -inf
4.650000000000000244e-01 0.000000000000000000e+00 inf -inf
4.749999999999999778e-01 0.000000000000000000e+00 inf -inf
4.849999999999999867e-01 0.000000000000000000e+00 inf -inf
4.949999999999999956e-01 0.000000000000000000e+00 inf -inf
5.050000000000000044e-01 0.000000000000000000e+00 inf -inf
5.150000000000000133e-01 1.479173107352830349e-05 1.349784950271523343e+01 -4.829980997626627470e+00
5.250000000000000222e-01 9.855601242313887563e-05 1.160129277550230498e+01 -4.006316876381561976e+00
5.350000000000000311e-01 4.721050638449102144e-04 1.003471626239273284e+01 -3.325961341258837578e+00
5.450000000000000400e-01 1.866787906225720944e-03 8.659943280390161036e+00 -2.728905021305441547e+00
5.550000000000000488e-01 2.721573445786563180e-03 8.282952351345079123e+00 -2.565179941093582272e+00
5.650000000000000577e-01 1.408258710598029803e-02 6.639223459944163963e+00 -1.851317553813216055e+00
5.749999999999999556e-01 2.100472335975546445e-02 6.239415202792384818e+00 -1.677683033912841681e+00
5.849999999999999645e-01 4.898278634449069330e-02 5.392693599819169847e+00 -1.309956514033298491e+00
5.949999999999999734e-01 1.089330743230715048e-01 4.593428840498058996e+00 -9.628402394804094211e-01
6.049999999999999822e-01 2.116624612994277288e-01 3.929169694967294735e+00 -6.743561580226293817e-01
6.149999999999999911e-01 3.941541144090318083e-01 3.307420550977956619e+00 -4.043339356599894296e-01
6.250000000000000000e-01 7.969116900293736760e-01 2.603418667441113499e+00 -9.858980239044271010e-02
6.350000000000000089e-01 1.612991911289856750e+00 1.898316473704560137e+00 2.076321895272200679e-01
6.450000000000000178e-01 2.719216298676736976e+00 1.376063544830361973e+00 4.344437546950957740e-01
6.550000000000000266e-01 4.861859704689696748e+00 7.949862381311656456e-01 6.868024225537601168e-01
6.650000000000000355e-01 6.766723695199647892e+00 4.643902329295168663e-01 8.303784433520950969e-01
6.750000000000000444e-01 9.367226653120310331e+00 1.391901872204766022e-01 9.716110287182164740e-01
6.850000000000000533e-01 1.076615328736572152e+01 0.000000000000000000e+00 1.032060558963149965e+00
6.950000000000000622e-01 9.991312592633626366e+00 7.469128345216846654e-02 9.996225467136015119e-01
7.050000000000000711e-01 8.571871746917391732e+00 2.279211424984306511e-01 9.330756644669967459e-01
7.149999999999999689e-01 5.840499400711705036e+00 6.115909511311166114e-01 7.664499837049446596e-01
7.249999999999999778e-01 3.762183743152298643e+00 1.051407686569608035e+00 5.754400024553054660e-01
7.349999999999999867e-01 2.984323648846909816e+00 1.283034120265828193e+00 4.748459204381076382e-01
7.449999999999999956e-01 3.021627662341286324e+00 1.270611610896049015e+00 4.802409477087941081e-01
7.550000000000000044e-01 4.756440152800997190e+00 8.169077367430124248e-01 6.772820366715853746e-01
7.650000000000000133e-01 8.763910707000540867e+00 2.057650250667797387e-01 9.426979440079632511e-01
7.750000000000000222e-01 9.385596541629208645e+00 1.372310268109848685e-01 9.724618812732219730e-01
7.850000000000000311e-01 4.104221056672441748e+00 9.643912880061720205e-01 6.132307441864998099e-01
7.950000000000000400e-01 1.007822975695852330e+00 2.368614723258711141e+00 3.384254897093834716e-03
8.050000000000000488e-01 1.094545078937003146e-01 4.588653527211318917e+00 -9.607663472706189367e-01
8.150000000000000577e-01 5.573135060962689652e-03 7.566204793948275054e+00 -2.253900431998516307e+00
8.250000000000000666e-01 8.532727062678097238e-05 1.174542371015486530e+01 -4.068912145972727323e+00
8.349999999999999645e-01 0.000000000000000000e+00 inf -inf
8.449999999999999734e-01 0.000000000000000000e+00 inf -inf
8.549999999999999822e-01 0.000000000000000000e+00 inf -inf
8.649999999999999911e-01 0.000000000000000000e+00 inf -inf
8.750000000000000000e-01 0.000000000000000000e+00 inf -inf
8.850000000000000089e-01 0.000000000000000000e+00 inf -inf
8.950000000000000178e-01 0.000000000000000000e+00 inf -inf
9.050000000000000266e-01 0.000000000000000000e+00 inf -inf
9.150000000000000355e-01 0.000000000000000000e+00 inf -inf
9.250000000000000444e-01 0.000000000000000000e+00 inf -inf
9.350000000000000533e-01 0.000000000000000000e+00 inf -inf
9.450000000000000622e-01 0.000000000000000000e+00 inf -inf
9.550000000000000711e-01 0.000000000000000000e+00 inf -inf
9.649999999999999689e-01 0.000000000000000000e+00 inf -inf
9.749999999999999778e-01 0.000000000000000000e+00 inf -inf
9.849999999999999867e-01 0.000000000000000000e+00 inf -inf
9.949999999999999956e-01 0.000000000000000000e+00 inf -inf
