# created by program: /home/aporutho/.conda/envs/westpa-2020.05/westpa-2020.05/lib/west_tools/plothist.py
# created by user:    aporutho
# created on host:    bhc0064
# created at:         Tue Dec 13 13:51:54 2022
# source data: /gpfs/fs2/scratch/aporutho/LipidPhase/Simulation/Weighted_Ensemble_3/Analysis/ClusterLipids2Total/DPPC_DAPC_CHOL/323K/multi_west/pdist.h5 dimension 0
# column 0: midpoint of bin
# column 1: probability in bin
# column 2: -ln P
# column 3: log10 P
5.000000000000000104e-03 0.000000000000000000e+00 inf -inf
1.499999999999999944e-02 0.000000000000000000e+00 inf -inf
2.500000000000000139e-02 0.000000000000000000e+00 inf -inf
3.500000000000000333e-02 0.000000000000000000e+00 inf -inf
4.499999999999999833e-02 0.000000000000000000e+00 inf -inf
5.500000000000000028e-02 0.000000000000000000e+00 inf -inf
6.500000000000000222e-02 0.000000000000000000e+00 inf -inf
7.500000000000001110e-02 0.000000000000000000e+00 inf -inf
8.499999999999999223e-02 0.000000000000000000e+00 inf -inf
9.500000000000000111e-02 0.000000000000000000e+00 inf -inf
1.050000000000000100e-01 0.000000000000000000e+00 inf -inf
1.149999999999999911e-01 0.000000000000000000e+00 inf -inf
1.250000000000000000e-01 0.000000000000000000e+00 inf -inf
1.350000000000000089e-01 0.000000000000000000e+00 inf -inf
1.450000000000000178e-01 0.000000000000000000e+00 inf -inf
1.549999999999999989e-01 0.000000000000000000e+00 inf -inf
1.650000000000000078e-01 0.000000000000000000e+00 inf -inf
1.749999999999999889e-01 0.000000000000000000e+00 inf -inf
1.849999999999999978e-01 0.000000000000000000e+00 inf -inf
1.950000000000000067e-01 0.000000000000000000e+00 inf -inf
2.050000000000000155e-01 0.000000000000000000e+00 inf -inf
2.149999999999999967e-01 0.000000000000000000e+00 inf -inf
2.250000000000000056e-01 0.000000000000000000e+00 inf -inf
2.349999999999999867e-01 0.000000000000000000e+00 inf -inf
2.449999999999999956e-01 0.000000000000000000e+00 inf -inf
2.550000000000000044e-01 0.000000000000000000e+00 inf -inf
2.650000000000000133e-01 0.000000000000000000e+00 inf -inf
2.750000000000000222e-01 0.000000000000000000e+00 inf -inf
2.850000000000000311e-01 0.000000000000000000e+00 inf -inf
2.949999999999999845e-01 0.000000000000000000e+00 inf -inf
3.049999999999999933e-01 0.000000000000000000e+00 inf -inf
3.150000000000000022e-01 0.000000000000000000e+00 inf -inf
3.250000000000000111e-01 0.000000000000000000e+00 inf -inf
3.350000000000000200e-01 0.000000000000000000e+00 inf -inf
3.450000000000000289e-01 0.000000000000000000e+00 inf -inf
3.549999999999999822e-01 0.000000000000000000e+00 inf -inf
3.649999999999999911e-01 0.000000000000000000e+00 inf -inf
3.750000000000000000e-01 0.000000000000000000e+00 inf -inf
3.850000000000000089e-01 0.000000000000000000e+00 inf -inf
3.950000000000000178e-01 0.000000000000000000e+00 inf -inf
4.050000000000000266e-01 0.000000000000000000e+00 inf -inf
4.150000000000000355e-01 0.000000000000000000e+00 inf -inf
4.249999999999999889e-01 0.000000000000000000e+00 inf -inf
4.349999999999999978e-01 0.000000000000000000e+00 inf -inf
4.450000000000000067e-01 0.000000000000000000e+00 inf -inf
4.550000000000000155e-01 0.000000000000000000e+00 inf -inf
4.650000000000000244e-01 0.000000000000000000e+00 inf -inf
4.749999999999999778e-01 0.000000000000000000e+00 inf -inf
4.849999999999999867e-01 0.000000000000000000e+00 inf -inf
4.949999999999999956e-01 0.000000000000000000e+00 inf -inf
5.050000000000000044e-01 0.000000000000000000e+00 inf -inf
5.150000000000000133e-01 0.000000000000000000e+00 inf -inf
5.250000000000000222e-01 0.000000000000000000e+00 inf -inf
5.350000000000000311e-01 0.000000000000000000e+00 inf -inf
5.450000000000000400e-01 0.000000000000000000e+00 inf -inf
5.550000000000000488e-01 0.000000000000000000e+00 inf -inf
5.650000000000000577e-01 1.955892767267677557e-05 1.343055239224209529e+01 -4.708654959293064657e+00
5.749999999999999556e-01 9.934182215209116469e-08 1.871317285977487543e+01 -7.002867878331728413e+00
5.849999999999999645e-01 4.146480580242591221e-05 1.267913921840295366e+01 -4.382320364265316570e+00
5.949999999999999734e-01 5.528560215223849556e-05 1.239147171716734519e+01 -4.257387955855794992e+00
6.049999999999999822e-01 2.458252581229267153e-03 8.596778189198799325e+00 -2.609373496145072302e+00
6.149999999999999911e-01 1.615872600156524966e-02 6.713768740455154926e+00 -1.791592883184023322e+00
6.250000000000000000e-01 4.486922267840963430e-02 5.692476857925529821e+00 -1.348051454188823328e+00
6.350000000000000089e-01 1.158059718086053153e-01 4.744312820071831638e+00 -9.362690446098560493e-01
6.450000000000000178e-01 3.096593768785396161e-01 3.760756044793110320e+00 -5.091157644677507532e-01
6.550000000000000266e-01 7.501796183068711876e-01 2.875916284970762238e+00 -1.248347394083063056e-01
6.650000000000000355e-01 1.758110311481412502e+00 2.024234129344063327e+00 2.450461211158355412e-01
6.750000000000000444e-01 3.293981252950877181e+00 1.396376734453889767e+00 5.177211231387888191e-01
6.850000000000000533e-01 5.735337498810899604e+00 8.418270771071865166e-01 7.585589792658011810e-01
6.950000000000000622e-01 8.188653807843932597e+00 4.857241607933140415e-01 9.132125108105715316e-01
7.050000000000000711e-01 9.710129476512010527e+00 3.153040583597959134e-01 9.872250209028353707e-01
7.149999999999999689e-01 9.603573699385032469e+00 3.263383853666956824e-01 9.824328735722226424e-01
7.249999999999999778e-01 8.127680356865628397e+00 4.931981110315959427e-01 9.099666154640662086e-01
7.349999999999999867e-01 6.988355774222626771e+00 6.442283717786227992e-01 8.443750066212231120e-01
7.449999999999999956e-01 6.046717302067409427e+00 7.889581448360252214e-01 7.815196648152832326e-01
7.550000000000000044e-01 7.259401053957343031e+00 6.061763489428735330e-01 8.609007901640455263e-01
7.650000000000000133e-01 1.209059410312436356e+01 9.604587145865917108e-02 1.082447641586110842e+00
7.750000000000000222e-01 1.330944155758189140e+01 0.000000000000000000e+00 1.124159833570195666e+00
7.850000000000000311e-01 5.627086888873046533e+00 8.608817931689942693e-01 7.502836212259247350e-01
7.950000000000000400e-01 9.384678990681082356e-01 2.651980302971169046e+00 -2.758057812629702288e-02
8.050000000000000488e-01 7.815427757502226014e-02 5.137544163089038385e+00 -1.107047246993633882e+00
8.150000000000000577e-01 3.649910743393376938e-03 8.201526240472965412e+00 -2.437717755851935841e+00
8.250000000000000666e-01 1.417252004366452434e-03 9.147509165417696764e+00 -2.848552920130130950e+00
8.349999999999999645e-01 0.000000000000000000e+00 inf -inf
8.449999999999999734e-01 0.000000000000000000e+00 inf -inf
8.549999999999999822e-01 0.000000000000000000e+00 inf -inf
8.649999999999999911e-01 0.000000000000000000e+00 inf -inf
8.750000000000000000e-01 0.000000000000000000e+00 inf -inf
8.850000000000000089e-01 0.000000000000000000e+00 inf -inf
8.950000000000000178e-01 0.000000000000000000e+00 inf -inf
9.050000000000000266e-01 0.000000000000000000e+00 inf -inf
9.150000000000000355e-01 0.000000000000000000e+00 inf -inf
9.250000000000000444e-01 0.000000000000000000e+00 inf -inf
9.350000000000000533e-01 0.000000000000000000e+00 inf -inf
9.450000000000000622e-01 0.000000000000000000e+00 inf -inf
9.550000000000000711e-01 0.000000000000000000e+00 inf -inf
9.649999999999999689e-01 0.000000000000000000e+00 inf -inf
9.749999999999999778e-01 0.000000000000000000e+00 inf -inf
9.849999999999999867e-01 0.000000000000000000e+00 inf -inf
9.949999999999999956e-01 0.000000000000000000e+00 inf -inf
