# created by program: /home/aporutho/.conda/envs/westpa-2020.05/westpa-2020.05/lib/west_tools/plothist.py
# created by user:    aporutho
# created on host:    bhc0064
# created at:         Tue Dec 13 13:51:13 2022
# source data: /gpfs/fs2/scratch/aporutho/LipidPhase/Simulation/Weighted_Ensemble_3/Analysis/ClusterLipids2Total/DPPC_DAPC_CHOL/323K/multi_west/pdist.h5 dimension 0
# column 0: midpoint of bin
# column 1: probability in bin
# column 2: -ln P
# column 3: log10 P
5.000000000000000104e-03 0.000000000000000000e+00 inf -inf
1.499999999999999944e-02 0.000000000000000000e+00 inf -inf
2.500000000000000139e-02 0.000000000000000000e+00 inf -inf
3.500000000000000333e-02 0.000000000000000000e+00 inf -inf
4.499999999999999833e-02 0.000000000000000000e+00 inf -inf
5.500000000000000028e-02 0.000000000000000000e+00 inf -inf
6.500000000000000222e-02 0.000000000000000000e+00 inf -inf
7.500000000000001110e-02 0.000000000000000000e+00 inf -inf
8.499999999999999223e-02 0.000000000000000000e+00 inf -inf
9.500000000000000111e-02 0.000000000000000000e+00 inf -inf
1.050000000000000100e-01 0.000000000000000000e+00 inf -inf
1.149999999999999911e-01 0.000000000000000000e+00 inf -inf
1.250000000000000000e-01 0.000000000000000000e+00 inf -inf
1.350000000000000089e-01 0.000000000000000000e+00 inf -inf
1.450000000000000178e-01 0.000000000000000000e+00 inf -inf
1.549999999999999989e-01 0.000000000000000000e+00 inf -inf
1.650000000000000078e-01 0.000000000000000000e+00 inf -inf
1.749999999999999889e-01 0.000000000000000000e+00 inf -inf
1.849999999999999978e-01 0.000000000000000000e+00 inf -inf
1.950000000000000067e-01 0.000000000000000000e+00 inf -inf
2.050000000000000155e-01 0.000000000000000000e+00 inf -inf
2.149999999999999967e-01 0.000000000000000000e+00 inf -inf
2.250000000000000056e-01 0.000000000000000000e+00 inf -inf
2.349999999999999867e-01 0.000000000000000000e+00 inf -inf
2.449999999999999956e-01 0.000000000000000000e+00 inf -inf
2.550000000000000044e-01 0.000000000000000000e+00 inf -inf
2.650000000000000133e-01 0.000000000000000000e+00 inf -inf
2.750000000000000222e-01 0.000000000000000000e+00 inf -inf
2.850000000000000311e-01 0.000000000000000000e+00 inf -inf
2.949999999999999845e-01 0.000000000000000000e+00 inf -inf
3.049999999999999933e-01 0.000000000000000000e+00 inf -inf
3.150000000000000022e-01 0.000000000000000000e+00 inf -inf
3.250000000000000111e-01 0.000000000000000000e+00 inf -inf
3.350000000000000200e-01 0.000000000000000000e+00 inf -inf
3.450000000000000289e-01 0.000000000000000000e+00 inf -inf
3.549999999999999822e-01 0.000000000000000000e+00 inf -inf
3.649999999999999911e-01 0.000000000000000000e+00 inf -inf
3.750000000000000000e-01 0.000000000000000000e+00 inf -inf
3.850000000000000089e-01 0.000000000000000000e+00 inf -inf
3.950000000000000178e-01 0.000000000000000000e+00 inf -inf
4.050000000000000266e-01 0.000000000000000000e+00 inf -inf
4.150000000000000355e-01 0.000000000000000000e+00 inf -inf
4.249999999999999889e-01 0.000000000000000000e+00 inf -inf
4.349999999999999978e-01 0.000000000000000000e+00 inf -inf
4.450000000000000067e-01 0.000000000000000000e+00 inf -inf
4.550000000000000155e-01 0.000000000000000000e+00 inf -inf
4.650000000000000244e-01 0.000000000000000000e+00 inf -inf
4.749999999999999778e-01 0.000000000000000000e+00 inf -inf
4.849999999999999867e-01 0.000000000000000000e+00 inf -inf
4.949999999999999956e-01 0.000000000000000000e+00 inf -inf
5.050000000000000044e-01 0.000000000000000000e+00 inf -inf
5.150000000000000133e-01 0.000000000000000000e+00 inf -inf
5.250000000000000222e-01 0.000000000000000000e+00 inf -inf
5.350000000000000311e-01 0.000000000000000000e+00 inf -inf
5.450000000000000400e-01 0.000000000000000000e+00 inf -inf
5.550000000000000488e-01 1.395892649597768138e-05 1.365673049598470001e+01 -4.855147979621154519e+00
5.650000000000000577e-01 9.875701823830725177e-04 9.397602126775609577e+00 -3.005432031156049622e+00
5.749999999999999556e-01 2.741959432268917685e-03 8.376421626722375890e+00 -2.561938974955727311e+00
5.849999999999999645e-01 1.808590225802733653e-02 6.489961658796424615e+00 -1.742659820554101069e+00
5.949999999999999734e-01 5.454594213412490566e-02 5.386051091307564320e+00 -1.263237552579001832e+00
6.049999999999999822e-01 1.564507565564219882e-01 4.332353106936498222e+00 -8.056223323740685505e-01
6.149999999999999911e-01 3.411370015032535452e-01 3.552810252273854275e+00 -4.670711721869739708e-01
6.250000000000000000e-01 6.482081351423305549e-01 2.910882571823893983e+00 -1.882855227866021830e-01
6.350000000000000089e-01 1.157397321170612114e+00 2.331165338197354497e+00 6.348247284162224224e-02
6.450000000000000178e-01 2.106676378203046873e+00 1.732227604442332591e+00 3.235978256150671695e-01
6.550000000000000266e-01 3.581422705590257216e+00 1.201579008564077178e+00 5.540555826347022261e-01
6.650000000000000355e-01 4.739890828378130472e+00 9.213250303748643510e-01 6.757683388937115732e-01
6.750000000000000444e-01 6.241389455502560857e+00 6.461363070835812739e-01 7.952812829011166595e-01
6.850000000000000533e-01 7.546601495335004905e+00 4.562418049764529471e-01 8.777514173100080530e-01
6.950000000000000622e-01 8.408221964630699929e+00 3.481291013839915571e-01 9.247041679038557893e-01
7.050000000000000711e-01 9.289149847629188272e+00 2.484920978247648904e-01 9.679759687430026238e-01
7.149999999999999689e-01 7.494103073399910109e+00 4.632226794286777860e-01 8.747196620565473868e-01
7.249999999999999778e-01 5.787471899969183653e+00 7.216435697252088222e-01 7.624888953922382973e-01
7.349999999999999867e-01 3.973305911716745964e+00 1.097740662297164604e+00 5.991520034283814855e-01
7.449999999999999956e-01 3.349948329270019620e+00 1.268394212209352112e+00 5.250381083843171925e-01
7.550000000000000044e-01 5.433006671211411565e+00 7.848464383545881162e-01 7.350402383060427036e-01
7.650000000000000133e-01 1.124435092974841588e+01 5.747327087066000928e-02 1.050934391228802500e+00
7.750000000000000222e-01 1.190953254717213383e+01 0.000000000000000000e+00 1.075894715624861053e+00
7.850000000000000311e-01 5.171817461071491095e+00 8.341149672251051417e-01 7.136431880860861776e-01
7.950000000000000400e-01 1.163999252045123223e+00 2.325477427092751626e+00 6.595270124790741928e-02
8.050000000000000488e-01 1.678702300439165740e-01 4.261903172108194582e+00 -7.750263144276926530e-01
8.150000000000000577e-01 1.092740443885647367e-02 6.993820610108193669e+00 -1.961482982766361571e+00
8.250000000000000666e-01 7.450673379982279037e-04 9.679375090923404201e+00 -3.127804474634960474e+00
8.349999999999999645e-01 0.000000000000000000e+00 inf -inf
8.449999999999999734e-01 0.000000000000000000e+00 inf -inf
8.549999999999999822e-01 0.000000000000000000e+00 inf -inf
8.649999999999999911e-01 0.000000000000000000e+00 inf -inf
8.750000000000000000e-01 0.000000000000000000e+00 inf -inf
8.850000000000000089e-01 0.000000000000000000e+00 inf -inf
8.950000000000000178e-01 0.000000000000000000e+00 inf -inf
9.050000000000000266e-01 0.000000000000000000e+00 inf -inf
9.150000000000000355e-01 0.000000000000000000e+00 inf -inf
9.250000000000000444e-01 0.000000000000000000e+00 inf -inf
9.350000000000000533e-01 0.000000000000000000e+00 inf -inf
9.450000000000000622e-01 0.000000000000000000e+00 inf -inf
9.550000000000000711e-01 0.000000000000000000e+00 inf -inf
9.649999999999999689e-01 0.000000000000000000e+00 inf -inf
9.749999999999999778e-01 0.000000000000000000e+00 inf -inf
9.849999999999999867e-01 0.000000000000000000e+00 inf -inf
9.949999999999999956e-01 0.000000000000000000e+00 inf -inf
