# created by program: /home/aporutho/.conda/envs/westpa-2020.05/westpa-2020.05/lib/west_tools/plothist.py
# created by user:    aporutho
# created on host:    bhg0001
# created at:         Mon Nov 21 12:52:08 2022
# source data: /gpfs/fs2/scratch/aporutho/LipidPhase/Simulation/Weighted_Ensemble_3/Analysis/ClusterLipids2Total_OtherCVs_AuxData/DPPC_DIPC_CHOL/353K/multi_west/CHE.h5 dimension 0
# column 0: midpoint of bin
# column 1: probability in bin
# column 2: -ln P
# column 3: log10 P
3.406621768474578538e+00 9.408123512803937341e-04 8.507706206322215081e+00 -3.026496989675984572e+00
3.414166910648345876e+00 7.671256441126691377e-04 8.711799311513306776e+00 -3.115133499054975275e+00
3.421712052822113215e+00 7.182240537832285110e-03 6.475083245880356664e+00 -2.143740054166233033e+00
3.429257194995880109e+00 6.510792761327478979e-03 6.573233408145125800e+00 -2.186366128035731382e+00
3.436802337169647004e+00 1.082577416947288172e-02 6.064764844743300465e+00 -1.965541036729044899e+00
3.444347479343414342e+00 4.701940227591915739e-02 4.596134301978173298e+00 -1.327722896051572565e+00
3.451892621517181681e+00 6.948422720735314417e-02 4.205594852727409183e+00 -1.158113768276430422e+00
3.459437763690948575e+00 1.056457246123326671e-01 3.786603357106747225e+00 -9.761480737639864902e-01
3.466982905864715470e+00 1.460548242759720228e-01 3.462712572922967968e+00 -8.354840934536541530e-01
3.474528048038482808e+00 2.982898959224395963e-01 2.748628814139057130e+00 -5.253614573970688539e-01
3.482073190212249703e+00 4.559975432025112907e-01 2.324207211098995529e+00 -3.410374971962377710e-01
3.489618332386016597e+00 6.676128598806589931e-01 1.942986178429928934e+00 -1.754753063226028309e-01
3.497163474559783936e+00 8.413898981832187429e-01 1.711639467763149902e+00 -7.500270647355247733e-02
3.504708616733551274e+00 1.176586677119800139e+00 1.376321753721446939e+00 7.062392641917165925e-02
3.512253758907318169e+00 1.416570651003853598e+00 1.190700437693590574e+00 1.512382396936892970e-01
3.519798901081085063e+00 1.741533765548759494e+00 9.841731544936478393e-01 2.409318991498945739e-01
3.527344043254852402e+00 1.790583053588291396e+00 9.563980588265942329e-01 2.529944699324308544e-01
3.534889185428619296e+00 2.207736562495790089e+00 7.469715430700137881e-01 3.439472500897381990e-01
3.542434327602386190e+00 2.488161857544795907e+00 6.273951258587319169e-01 3.958786282503589105e-01
3.549979469776153529e+00 2.970161518040698390e+00 4.503230193883567267e-01 4.727800669894279828e-01
3.557524611949920867e+00 3.196042430499681952e+00 3.770260499607300808e-01 5.046125363520774787e-01
3.565069754123687762e+00 3.434994912494617303e+00 3.049239093084381569e-01 5.359260981707801852e-01
3.572614896297454656e+00 4.107449538241729314e+00 1.261370683219780187e-01 6.135722366481138890e-01
3.580160038471221995e+00 4.329471186748222955e+00 7.349394711851786610e-02 6.364348536969406389e-01
3.587705180644989333e+00 4.396538015763593599e+00 5.812193727897674300e-02 6.431108327460158813e-01
3.595250322818755784e+00 4.659645414357828308e+00 0.000000000000000000e+00 6.683528693838023393e-01
3.602795464992523122e+00 4.616596738314368231e+00 9.281556987933869962e-03 6.643219404004720996e-01
3.610340607166290461e+00 4.128187746361411392e+00 1.211008455657138771e-01 6.157594404007948885e-01
3.617885749340057355e+00 4.041556702060321804e+00 1.423094138552922772e-01 6.065486762235627882e-01
3.625430891513824250e+00 3.305273453540554573e+00 3.434201446753886167e-01 5.192073955768646831e-01
3.632976033687591588e+00 3.159302973805477421e+00 3.885879285446631748e-01 4.995912762826399955e-01
3.640521175861358927e+00 3.072460133399747662e+00 4.164607668261384177e-01 4.874862564220135974e-01
3.648066318035125821e+00 2.517690881139498238e+00 6.155971894628075036e-01 4.010024069249544798e-01
3.655611460208892716e+00 2.134710100413223177e+00 7.806085007916597762e-01 3.293389049632143295e-01
3.663156602382660054e+00 2.101657606856215388e+00 7.962129839376617113e-01 3.225619640399534083e-01
3.670701744556426949e+00 1.975033566009195996e+00 8.583539602465815044e-01 2.955744809289088670e-01
3.678246886730193843e+00 1.660588915867556636e+00 1.031767045855072507e+00 2.202621347593249901e-01
3.685792028903961182e+00 1.528746844642231650e+00 1.114491009897447649e+00 1.843355736545584378e-01
3.693337171077728520e+00 1.368190962846359104e+00 1.225449951720792185e+00 1.361467175028560073e-01
3.700882313251495415e+00 1.147461338162241384e+00 1.401387383751313553e+00 5.973806161177210028e-02
3.708427455425262309e+00 1.165401159740989900e+00 1.385873983032450463e+00 6.647544593952831038e-02
3.715972597599029648e+00 1.033817478754820884e+00 1.505681112977593994e+00 1.444387051168661423e-02
3.723517739772796542e+00 1.011121163249113941e+00 1.527879576090825253e+00 4.803200474877435643e-03
3.731062881946563436e+00 1.310198777551308869e+00 1.268760489612229536e+00 1.173371898883430464e-01
3.738608024120330775e+00 1.449863147994580492e+00 1.167470182617987629e+00 1.613270112862286998e-01
3.746153166294098114e+00 1.619960552314577917e+00 1.056537555378223692e+00 2.095044391594885203e-01
3.753698308467865008e+00 1.730150569025688201e+00 9.907309150616065985e-01 2.380838999215873497e-01
3.761243450641631902e+00 2.045602334939494060e+00 8.232470674639460473e-01 3.108212107411765235e-01
3.768788592815399241e+00 2.168890860892254135e+00 7.647234410317631514e-01 3.362376987616408908e-01
3.776333734989166135e+00 2.154270712157412504e+00 7.714871042553509417e-01 3.333002771461847646e-01
3.783878877162933030e+00 1.999488156907034186e+00 8.460481276429847597e-01 3.009188361238760434e-01
3.791424019336700368e+00 2.118939362695853035e+00 7.880236910262927719e-01 3.261185287620503859e-01
3.798969161510467707e+00 1.993242397399448640e+00 8.491766956828560309e-01 2.995601162879010793e-01
3.806514303684234601e+00 1.926485717839648837e+00 8.832418823736489788e-01 2.847657936830856329e-01
3.814059445858001496e+00 1.598328013165167372e+00 1.069981262813554324e+00 2.036659112040026531e-01
3.821604588031768834e+00 1.804025758968258231e+00 9.489186535572107228e-01 2.562427343688422621e-01
3.829149730205536173e+00 1.618663988628709749e+00 1.057338243286775947e+00 2.091567048190775546e-01
3.836694872379303067e+00 1.405677217343432206e+00 1.198420162017793444e+00 1.478856060178736498e-01
3.844240014553069962e+00 1.473520592180500577e+00 1.151284855792760853e+00 1.683562094142252996e-01
3.851785156726837300e+00 1.465823250251561349e+00 1.156522323701986155e+00 1.660816060021034213e-01
3.859330298900604195e+00 1.423496377484076758e+00 1.185823270965391751e+00 1.533563662910681358e-01
3.866875441074371089e+00 1.540081137264651678e+00 1.107104252329800698e+00 1.875436017053445925e-01
3.874420583248138428e+00 1.379885348470160533e+00 1.216938939003953113e+00 1.398430033611875456e-01
3.881965725421905766e+00 1.617676377274614996e+00 1.057948569317472165e+00 2.088916435917843317e-01
3.889510867595672661e+00 1.424423431374752136e+00 1.185172231620438277e+00 1.536391090860833863e-01
3.897056009769439555e+00 1.654306256100989803e+00 1.035557613558293788e+00 2.186159121225352553e-01
3.904601151943206894e+00 1.595007019170481932e+00 1.072061216941970763e+00 2.027625986034195527e-01
3.912146294116973788e+00 1.405847806466261174e+00 1.198298812130032420e+00 1.479383076045078238e-01
3.919691436290740683e+00 1.374597451710827478e+00 1.220778428039805963e+00 1.381755344595886892e-01
3.927236578464508021e+00 1.252924606558299958e+00 1.313458850143849554e+00 9.792493855933834257e-02
3.934781720638275360e+00 1.125439556312234801e+00 1.420765677834471941e+00 5.132217542275797906e-02
3.942326862812042254e+00 1.075912735839380518e+00 1.465769995973194018e+00 3.177704839329253267e-02
3.949872004985809149e+00 8.126371113130290702e-01 1.746409980533000006e+00 -9.010334830244492998e-02
3.957417147159576487e+00 7.972617394668215507e-01 1.765511602152776582e+00 -9.839907716731774445e-02
3.964962289333343382e+00 7.945577292484874432e-01 1.768908988442285501e+00 -9.987454328574525697e-02
3.972507431507110720e+00 4.409027265517058147e-01 2.357870356481095886e+00 -3.556572154791908802e-01
3.980052573680877614e+00 4.633619480926251533e-01 2.308186138862133419e+00 -3.340796339295951656e-01
3.987597715854644953e+00 3.421635622781925568e-01 2.611405757873225042e+00 -4.657662412709184241e-01
3.995142858028411847e+00 3.368879864885973574e-01 2.626944142091454992e+00 -4.725144757945884955e-01
4.002688000202178742e+00 2.443112164305915046e-01 2.948251743147325410e+00 -6.120565939267244016e-01
4.010233142375946080e+00 2.568757807373798219e-01 2.898102008272267938e+00 -5.902768408015759416e-01
4.017778284549713419e+00 2.621349408848642759e-01 2.877835220167069608e+00 -5.814750865615856412e-01
4.025323426723479869e+00 1.761999733698520476e-01 3.275075070518922438e+00 -7.539941615614691450e-01
4.032868568897247208e+00 1.166826451345359117e-01 3.687236818151636175e+00 -9.329937342099572373e-01
4.040413711071014546e+00 7.748216877540570202e-02 4.096646803315658225e+00 -1.110798231602784236e+00
4.047958853244780997e+00 5.007222614308997483e-02 4.533228146914631829e+00 -1.300403100029726033e+00
4.055503995418549223e+00 3.116441367641834687e-02 5.007417776328646930e+00 -1.506341039459980768e+00
4.063049137592315674e+00 2.592077648170770798e-02 5.191649804993692996e+00 -1.586351992899052155e+00
4.070594279766082124e+00 1.034309071506073034e-02 6.110375899855849724e+00 -1.985349666278209968e+00
4.078139421939850351e+00 1.711365398367619989e-03 7.909403102407378761e+00 -2.766657253140182959e+00
4.085684564113616801e+00 8.991011510781326665e-04 8.553054368621346271e+00 -3.046191446326950381e+00
4.093229706287384140e+00 1.359891344552190179e-05 1.274446001602850487e+01 -4.866495790414005818e+00
4.100774848461151478e+00 4.533228713623765583e-06 1.384301548593672671e+01 -5.343592369059780189e+00
4.108319990634917929e+00 1.495964774290187594e-04 1.034650839320153004e+01 -3.825078632749303154e+00
4.115865132808685267e+00 1.450632487153949760e-04 1.037728006651614088e+01 -3.838442600668767746e+00
4.123410274982452606e+00 0.000000000000000000e+00 inf -inf
4.130955417156219056e+00 0.000000000000000000e+00 inf -inf
4.138500559329986395e+00 0.000000000000000000e+00 inf -inf
4.146045701503753733e+00 0.000000000000000000e+00 inf -inf
4.153590843677520184e+00 0.000000000000000000e+00 inf -inf
