# created by program: /home/aporutho/.conda/envs/westpa-2020.05/westpa-2020.05/lib/west_tools/plothist.py
# created by user:    aporutho
# created on host:    bhc0064
# created at:         Tue Dec 13 14:08:04 2022
# source data: /gpfs/fs2/scratch/aporutho/LipidPhase/Simulation/Weighted_Ensemble_3/Analysis/ClusterLipids2Total/DPPC_DIPC_CHOL/423K/multi_west/pdist.h5 dimension 0
# column 0: midpoint of bin
# column 1: probability in bin
# column 2: -ln P
# column 3: log10 P
5.000000000000000104e-03 0.000000000000000000e+00 inf -inf
1.499999999999999944e-02 0.000000000000000000e+00 inf -inf
2.500000000000000139e-02 0.000000000000000000e+00 inf -inf
3.500000000000000333e-02 0.000000000000000000e+00 inf -inf
4.499999999999999833e-02 0.000000000000000000e+00 inf -inf
5.500000000000000028e-02 0.000000000000000000e+00 inf -inf
6.500000000000000222e-02 0.000000000000000000e+00 inf -inf
7.500000000000001110e-02 0.000000000000000000e+00 inf -inf
8.499999999999999223e-02 0.000000000000000000e+00 inf -inf
9.500000000000000111e-02 0.000000000000000000e+00 inf -inf
1.050000000000000100e-01 0.000000000000000000e+00 inf -inf
1.149999999999999911e-01 0.000000000000000000e+00 inf -inf
1.250000000000000000e-01 0.000000000000000000e+00 inf -inf
1.350000000000000089e-01 0.000000000000000000e+00 inf -inf
1.450000000000000178e-01 0.000000000000000000e+00 inf -inf
1.549999999999999989e-01 0.000000000000000000e+00 inf -inf
1.650000000000000078e-01 3.065723880871461509e-04 1.047236897190620297e+01 -3.513466963119597164e+00
1.749999999999999889e-01 2.323427376613950834e-03 8.447024183857827495e+00 -2.633870897718676218e+00
1.849999999999999978e-01 6.100542359952232548e-03 7.481689918187639954e+00 -2.214631552945986570e+00
1.950000000000000067e-01 5.659512721666032364e-02 5.254144706957490030e+00 -1.247220959518718697e+00
2.050000000000000155e-01 1.913750439758185318e-01 4.035832513115542142e+00 -7.181146964977158653e-01
2.149999999999999967e-01 5.652599959617709002e-01 2.952781801737483836e+00 -2.477517489248339533e-01
2.250000000000000056e-01 1.512290207859715352e+00 1.968687122144897828e+00 1.796351400925748076e-01
2.349999999999999867e-01 2.854988603174024586e+00 1.333244466682955265e+00 4.556043789256457033e-01
2.449999999999999956e-01 5.140796194718504353e+00 7.451043487327058124e-01 7.110303867373667375e-01
2.550000000000000044e-01 7.584527202756699005e+00 3.562020402318806234e-01 8.799285133187113583e-01
2.650000000000000133e-01 9.169644407724737434e+00 1.664138101670236125e-01 9.623524943660634046e-01
2.750000000000000222e-01 1.082991614241150025e+01 0.000000000000000000e+00 1.034625093834097065e+00
2.850000000000000311e-01 1.039217767342915977e+01 4.125894154259812652e-02 1.016706563192977919e+00
2.949999999999999845e-01 9.774650347706536735e+00 1.025199827238889583e-01 9.901012310522953053e-01
3.049999999999999933e-01 7.494299242950543949e+00 3.681696873208069043e-01 8.747310302266250170e-01
3.150000000000000022e-01 6.569603663916925740e+00 4.998588123498719504e-01 8.175391698998346612e-01
3.250000000000000111e-01 5.773470626046544929e+00 6.290389232234792072e-01 7.614369605757768111e-01
3.350000000000000200e-01 5.177901943596295631e+00 7.379123738692152656e-01 7.141538217345675399e-01
3.450000000000000289e-01 4.819988544812833453e+00 8.095407664351206289e-01 6.830460060955949597e-01
3.549999999999999822e-01 3.942346583123858217e+00 1.010536192404120293e+00 5.957548017094649317e-01
3.649999999999999911e-01 3.219941301153293800e+00 1.212949187965298048e+00 5.078479546717379334e-01
3.750000000000000000e-01 2.110374698146523453e+00 1.635446804117846487e+00 3.243595713594080165e-01
3.850000000000000089e-01 1.421557707025770334e+00 2.030559070747446349e+00 1.527644942298863606e-01
3.950000000000000178e-01 7.504227763180875144e-01 2.669430847414442365e+00 -1.246939930203165986e-01
4.050000000000000266e-01 3.867241895883041236e-01 3.332355846337735628e+00 -4.125986619684221535e-01
4.150000000000000355e-01 1.704627666288367205e-01 4.151550701549850508e+00 -7.683704671905768890e-01
4.249999999999999889e-01 4.922721775847169190e-02 5.393620919873120201e+00 -1.307794709144740386e+00
4.349999999999999978e-01 2.264709955071545974e-02 6.170035808308863778e+00 -1.644987410859912291e+00
4.450000000000000067e-01 7.038684138124312248e-03 7.338646356380656322e+00 -2.152508523381427175e+00
4.550000000000000155e-01 4.356800960475491893e-05 1.242349971947850662e+01 -4.360832280262015637e+00
4.650000000000000244e-01 0.000000000000000000e+00 inf -inf
4.749999999999999778e-01 2.997898175481516179e-03 8.192156161927410807e+00 -2.523183122180699733e+00
4.849999999999999867e-01 0.000000000000000000e+00 inf -inf
4.949999999999999956e-01 0.000000000000000000e+00 inf -inf
5.050000000000000044e-01 0.000000000000000000e+00 inf -inf
5.150000000000000133e-01 0.000000000000000000e+00 inf -inf
5.250000000000000222e-01 0.000000000000000000e+00 inf -inf
5.350000000000000311e-01 0.000000000000000000e+00 inf -inf
5.450000000000000400e-01 0.000000000000000000e+00 inf -inf
5.550000000000000488e-01 0.000000000000000000e+00 inf -inf
5.650000000000000577e-01 0.000000000000000000e+00 inf -inf
5.749999999999999556e-01 0.000000000000000000e+00 inf -inf
5.849999999999999645e-01 0.000000000000000000e+00 inf -inf
5.949999999999999734e-01 0.000000000000000000e+00 inf -inf
6.049999999999999822e-01 0.000000000000000000e+00 inf -inf
6.149999999999999911e-01 0.000000000000000000e+00 inf -inf
6.250000000000000000e-01 0.000000000000000000e+00 inf -inf
6.350000000000000089e-01 0.000000000000000000e+00 inf -inf
6.450000000000000178e-01 0.000000000000000000e+00 inf -inf
6.550000000000000266e-01 0.000000000000000000e+00 inf -inf
6.650000000000000355e-01 0.000000000000000000e+00 inf -inf
6.750000000000000444e-01 0.000000000000000000e+00 inf -inf
6.850000000000000533e-01 0.000000000000000000e+00 inf -inf
6.950000000000000622e-01 0.000000000000000000e+00 inf -inf
7.050000000000000711e-01 0.000000000000000000e+00 inf -inf
7.149999999999999689e-01 0.000000000000000000e+00 inf -inf
7.249999999999999778e-01 0.000000000000000000e+00 inf -inf
7.349999999999999867e-01 0.000000000000000000e+00 inf -inf
7.449999999999999956e-01 0.000000000000000000e+00 inf -inf
7.550000000000000044e-01 0.000000000000000000e+00 inf -inf
7.650000000000000133e-01 0.000000000000000000e+00 inf -inf
7.750000000000000222e-01 0.000000000000000000e+00 inf -inf
7.850000000000000311e-01 0.000000000000000000e+00 inf -inf
7.950000000000000400e-01 0.000000000000000000e+00 inf -inf
8.050000000000000488e-01 0.000000000000000000e+00 inf -inf
8.150000000000000577e-01 0.000000000000000000e+00 inf -inf
8.250000000000000666e-01 0.000000000000000000e+00 inf -inf
8.349999999999999645e-01 0.000000000000000000e+00 inf -inf
8.449999999999999734e-01 0.000000000000000000e+00 inf -inf
8.549999999999999822e-01 0.000000000000000000e+00 inf -inf
8.649999999999999911e-01 0.000000000000000000e+00 inf -inf
8.750000000000000000e-01 0.000000000000000000e+00 inf -inf
8.850000000000000089e-01 0.000000000000000000e+00 inf -inf
8.950000000000000178e-01 0.000000000000000000e+00 inf -inf
9.050000000000000266e-01 0.000000000000000000e+00 inf -inf
9.150000000000000355e-01 0.000000000000000000e+00 inf -inf
9.250000000000000444e-01 0.000000000000000000e+00 inf -inf
9.350000000000000533e-01 0.000000000000000000e+00 inf -inf
9.450000000000000622e-01 0.000000000000000000e+00 inf -inf
9.550000000000000711e-01 0.000000000000000000e+00 inf -inf
9.649999999999999689e-01 0.000000000000000000e+00 inf -inf
9.749999999999999778e-01 0.000000000000000000e+00 inf -inf
9.849999999999999867e-01 0.000000000000000000e+00 inf -inf
9.949999999999999956e-01 0.000000000000000000e+00 inf -inf
