# created by program: /home/aporutho/.conda/envs/westpa-2020.05/westpa-2020.05/lib/west_tools/plothist.py
# created by user:    aporutho
# created on host:    bhc0064
# created at:         Tue Dec 13 14:08:58 2022
# source data: /gpfs/fs2/scratch/aporutho/LipidPhase/Simulation/Weighted_Ensemble_3/Analysis/ClusterLipids2Total/DPPC_DIPC_CHOL/423K/multi_west/pdist.h5 dimension 0
# column 0: midpoint of bin
# column 1: probability in bin
# column 2: -ln P
# column 3: log10 P
5.000000000000000104e-03 0.000000000000000000e+00 inf -inf
1.499999999999999944e-02 0.000000000000000000e+00 inf -inf
2.500000000000000139e-02 0.000000000000000000e+00 inf -inf
3.500000000000000333e-02 0.000000000000000000e+00 inf -inf
4.499999999999999833e-02 0.000000000000000000e+00 inf -inf
5.500000000000000028e-02 0.000000000000000000e+00 inf -inf
6.500000000000000222e-02 0.000000000000000000e+00 inf -inf
7.500000000000001110e-02 0.000000000000000000e+00 inf -inf
8.499999999999999223e-02 0.000000000000000000e+00 inf -inf
9.500000000000000111e-02 0.000000000000000000e+00 inf -inf
1.050000000000000100e-01 0.000000000000000000e+00 inf -inf
1.149999999999999911e-01 0.000000000000000000e+00 inf -inf
1.250000000000000000e-01 0.000000000000000000e+00 inf -inf
1.350000000000000089e-01 0.000000000000000000e+00 inf -inf
1.450000000000000178e-01 0.000000000000000000e+00 inf -inf
1.549999999999999989e-01 0.000000000000000000e+00 inf -inf
1.650000000000000078e-01 8.241618730126278047e-04 9.847402525827519071e+00 -3.083987480472955234e+00
1.749999999999999889e-01 7.223515803904683938e-03 7.676672417461581688e+00 -2.141251372708381062e+00
1.849999999999999978e-01 1.435270995781014192e-02 6.990075433681971262e+00 -1.843066091361479586e+00
1.950000000000000067e-01 8.159256552978408350e-02 5.252276056176578223e+00 -1.088349411055981486e+00
2.050000000000000155e-01 2.877953794450341385e-01 3.991764465710732956e+00 -5.409161829415732869e-01
2.149999999999999967e-01 6.981628452195915990e-01 3.105561827133946906e+00 -1.560432671595733123e-01
2.250000000000000056e-01 2.048531034016681129e+00 2.029135958790374339e+00 3.114425476399564907e-01
2.349999999999999867e-01 3.802961669491099261e+00 1.410478776433803372e+00 5.801219481272290590e-01
2.449999999999999956e-01 7.170084091806343096e+00 7.763415434820692962e-01 8.555242491675640881e-01
2.550000000000000044e-01 1.056308940210193370e+01 3.888931338013414951e-01 1.023790955514094714e+00
2.650000000000000133e-01 1.319679113633163325e+01 1.662852220029100714e-01 1.120468343236159292e+00
2.750000000000000222e-01 1.558422097349280300e+01 0.000000000000000000e+00 1.192685097574080366e+00
2.850000000000000311e-01 1.427704547739697460e+01 8.760589014735753466e-02 1.154638342900860204e+00
2.949999999999999845e-01 1.264424218385619625e+01 2.090569780864952598e-01 1.101892805587746382e+00
3.049999999999999933e-01 8.465465832653357836e+00 6.102638818017558364e-01 9.276508612027194456e-01
3.150000000000000022e-01 5.668082079632349668e+00 1.011408123352990129e+00 7.534361306497531219e-01
3.250000000000000111e-01 2.928852239905964439e+00 1.671648307020863200e+00 4.666974621520063593e-01
3.350000000000000200e-01 1.557707414899010212e+00 2.303043791812558805e+00 1.924858872083445027e-01
3.450000000000000289e-01 6.657472522122654945e-01 3.153104107963556224e+00 -1.766906173809674185e-01
3.549999999999999822e-01 2.335545186832311826e-01 4.200598670711968907e+00 -6.316117258062624584e-01
3.649999999999999911e-01 7.484375090817843579e-02 5.338611586112747887e+00 -1.125844455299453317e+00
3.750000000000000000e-01 1.951548687209495730e-02 6.682805856362492136e+00 -1.709620609474885367e+00
3.850000000000000089e-01 6.932283494896031295e-03 7.717824937723595902e+00 -2.159123685174585638e+00
3.950000000000000178e-01 6.439961054314722602e-05 1.239666189864913548e+01 -4.191116759029528183e+00
4.050000000000000266e-01 2.317594805320295336e-03 8.813484279226646123e+00 -2.634962491235110615e+00
4.150000000000000355e-01 0.000000000000000000e+00 inf -inf
4.249999999999999889e-01 0.000000000000000000e+00 inf -inf
4.349999999999999978e-01 0.000000000000000000e+00 inf -inf
4.450000000000000067e-01 0.000000000000000000e+00 inf -inf
4.550000000000000155e-01 0.000000000000000000e+00 inf -inf
4.650000000000000244e-01 0.000000000000000000e+00 inf -inf
4.749999999999999778e-01 0.000000000000000000e+00 inf -inf
4.849999999999999867e-01 0.000000000000000000e+00 inf -inf
4.949999999999999956e-01 0.000000000000000000e+00 inf -inf
5.050000000000000044e-01 0.000000000000000000e+00 inf -inf
5.150000000000000133e-01 0.000000000000000000e+00 inf -inf
5.250000000000000222e-01 0.000000000000000000e+00 inf -inf
5.350000000000000311e-01 0.000000000000000000e+00 inf -inf
5.450000000000000400e-01 0.000000000000000000e+00 inf -inf
5.550000000000000488e-01 0.000000000000000000e+00 inf -inf
5.650000000000000577e-01 0.000000000000000000e+00 inf -inf
5.749999999999999556e-01 0.000000000000000000e+00 inf -inf
5.849999999999999645e-01 0.000000000000000000e+00 inf -inf
5.949999999999999734e-01 0.000000000000000000e+00 inf -inf
6.049999999999999822e-01 0.000000000000000000e+00 inf -inf
6.149999999999999911e-01 0.000000000000000000e+00 inf -inf
6.250000000000000000e-01 0.000000000000000000e+00 inf -inf
6.350000000000000089e-01 0.000000000000000000e+00 inf -inf
6.450000000000000178e-01 0.000000000000000000e+00 inf -inf
6.550000000000000266e-01 0.000000000000000000e+00 inf -inf
6.650000000000000355e-01 0.000000000000000000e+00 inf -inf
6.750000000000000444e-01 0.000000000000000000e+00 inf -inf
6.850000000000000533e-01 0.000000000000000000e+00 inf -inf
6.950000000000000622e-01 0.000000000000000000e+00 inf -inf
7.050000000000000711e-01 0.000000000000000000e+00 inf -inf
7.149999999999999689e-01 0.000000000000000000e+00 inf -inf
7.249999999999999778e-01 0.000000000000000000e+00 inf -inf
7.349999999999999867e-01 0.000000000000000000e+00 inf -inf
7.449999999999999956e-01 0.000000000000000000e+00 inf -inf
7.550000000000000044e-01 0.000000000000000000e+00 inf -inf
7.650000000000000133e-01 0.000000000000000000e+00 inf -inf
7.750000000000000222e-01 0.000000000000000000e+00 inf -inf
7.850000000000000311e-01 0.000000000000000000e+00 inf -inf
7.950000000000000400e-01 0.000000000000000000e+00 inf -inf
8.050000000000000488e-01 0.000000000000000000e+00 inf -inf
8.150000000000000577e-01 0.000000000000000000e+00 inf -inf
8.250000000000000666e-01 0.000000000000000000e+00 inf -inf
8.349999999999999645e-01 0.000000000000000000e+00 inf -inf
8.449999999999999734e-01 0.000000000000000000e+00 inf -inf
8.549999999999999822e-01 0.000000000000000000e+00 inf -inf
8.649999999999999911e-01 0.000000000000000000e+00 inf -inf
8.750000000000000000e-01 0.000000000000000000e+00 inf -inf
8.850000000000000089e-01 0.000000000000000000e+00 inf -inf
8.950000000000000178e-01 0.000000000000000000e+00 inf -inf
9.050000000000000266e-01 0.000000000000000000e+00 inf -inf
9.150000000000000355e-01 0.000000000000000000e+00 inf -inf
9.250000000000000444e-01 0.000000000000000000e+00 inf -inf
9.350000000000000533e-01 0.000000000000000000e+00 inf -inf
9.450000000000000622e-01 0.000000000000000000e+00 inf -inf
9.550000000000000711e-01 0.000000000000000000e+00 inf -inf
9.649999999999999689e-01 0.000000000000000000e+00 inf -inf
9.749999999999999778e-01 0.000000000000000000e+00 inf -inf
9.849999999999999867e-01 0.000000000000000000e+00 inf -inf
9.949999999999999956e-01 0.000000000000000000e+00 inf -inf
