# created by program: /home/aporutho/.conda/envs/westpa-2020.05/westpa-2020.05/lib/west_tools/plothist.py
# created by user:    aporutho
# created on host:    bluehive
# created at:         Fri Oct 28 11:04:26 2022
# source data: /gpfs/fs2/scratch/aporutho/LipidPhase/Simulation/Weighted_Ensemble_3/Analysis/ClusterLipids2Total_AuxData/DPPC_DAPC_CHOL/353K/multi_west/silcoeffdppc.h5 dimension 0
# column 0: midpoint of bin
# column 1: probability in bin
# column 2: -ln P
# column 3: log10 P
-2.916305168807506454e-01 0.000000000000000000e+00 inf -inf
-2.683975411474704975e-01 7.421129625594131019e-04 9.016055105372281275e+00 -3.129529982480803607e+00
-2.451645654141902941e-01 4.442059100690843622e-03 7.226683268259302295e+00 -2.352415667549552669e+00
-2.219315896809100908e-01 2.274864099348639784e-02 5.593295891553591304e+00 -1.643044543035833804e+00
-1.986986139476299429e-01 7.692398486974531824e-02 4.374983573858571617e+00 -1.113938226226125705e+00
-1.754656382143497395e-01 1.573755840744984202e-01 3.659166094903545385e+00 -8.030626450660605098e-01
-1.522326624810695361e-01 3.395760306535458017e-01 2.890103427784386447e+00 -4.690629724984124449e-01
-1.289996867477893883e-01 5.211878942542319537e-01 2.461690680315548274e+00 -2.830056802956846251e-01
-1.057667110145091988e-01 7.834209227481526705e-01 2.054131170122844630e+00 -1.060048339718012156e-01
-8.253373528122902314e-02 1.146923936503594588e+00 1.672962498852655244e+00 5.953461663523650776e-02
-5.930075954794883364e-02 1.523062615817235343e+00 1.389322833094584597e+00 1.827177583228493662e-01
-3.606778381466863026e-02 1.934553810547612773e+00 1.150169308606303620e+00 2.865808143358239413e-01
-1.283480808138845464e-02 2.341676932890966345e+00 9.591787089392509458e-01 3.695269778666179783e-01
1.039816765189172099e-02 2.726534868621696805e+00 8.070144955470850423e-01 4.356110560859846048e-01
3.363114338517189661e-02 3.133903843026573544e+00 6.677665580386527022e-01 4.960856669623055493e-01
5.686411911845207223e-02 3.435995721130058467e+00 5.757392608184035421e-01 5.360526143295302193e-01
8.009709485173227561e-02 3.508750566118128411e+00 5.547860095954491033e-01 5.451524957135919225e-01
1.033300705850124512e-01 3.705886262396805186e+00 5.001235823668348512e-01 5.688920862264170708e-01
1.265630463182926269e-01 3.290644758428134864e+00 6.189624988512978376e-01 5.172810005618534435e-01
1.497960220515728025e-01 2.756148214190375256e+00 7.962118891948701815e-01 4.403025684149244889e-01
1.730289977848529781e-01 2.103942572632522268e+00 1.066233019507278668e+00 3.230338815229665816e-01
1.962619735181331815e-01 1.399835906113874984e+00 1.473690999801133383e+00 1.460771290739015793e-01
2.194949492514133849e-01 9.016180660995641860e-01 1.913610298270224108e+00 -4.497739473397422555e-02
2.427279249846935882e-01 5.202201409728817172e-01 2.463549228602449404e+00 -2.838128375610364795e-01
2.659609007179737361e-01 2.737067160103338059e-01 3.105744145017736102e+00 -5.627145460665154975e-01
2.891938764512538840e-01 1.697860317419853937e-01 3.583262291126362520e+00 -7.700980419301626245e-01
3.124268521845340874e-01 8.950991434347614628e-02 4.223451904683024338e+00 -1.048128858469596247e+00
3.356598279178142907e-01 3.239578683641707035e-02 5.239772920186375416e+00 -1.489511467345010720e+00
3.588928036510944941e-01 1.622130100274422546e-02 5.931476043358625105e+00 -1.789914316853964404e+00
3.821257793843746420e-01 8.250464336046873376e-03 6.607531816696253557e+00 -2.083521608673332359e+00
4.053587551176547898e-01 3.270479278039241117e-03 7.532864756239392889e+00 -2.485388598240232394e+00
4.285917308509349932e-01 2.284601581200283900e-03 7.891609652186204471e+00 -2.641189526960888934e+00
4.518247065842151966e-01 0.000000000000000000e+00 inf -inf
4.750576823174954000e-01 0.000000000000000000e+00 inf -inf
4.982906580507755478e-01 0.000000000000000000e+00 inf -inf
5.215236337840556402e-01 0.000000000000000000e+00 inf -inf
5.447566095173359546e-01 0.000000000000000000e+00 inf -inf
5.679895852506160470e-01 0.000000000000000000e+00 inf -inf
5.912225609838963614e-01 0.000000000000000000e+00 inf -inf
6.144555367171764537e-01 0.000000000000000000e+00 inf -inf
6.376885124504565461e-01 0.000000000000000000e+00 inf -inf
6.609214881837368605e-01 0.000000000000000000e+00 inf -inf
6.841544639170169528e-01 0.000000000000000000e+00 inf -inf
7.073874396502972672e-01 0.000000000000000000e+00 inf -inf
7.306204153835773596e-01 0.000000000000000000e+00 inf -inf
7.538533911168575630e-01 0.000000000000000000e+00 inf -inf
7.770863668501377663e-01 0.000000000000000000e+00 inf -inf
8.003193425834179697e-01 0.000000000000000000e+00 inf -inf
8.235523183166981731e-01 0.000000000000000000e+00 inf -inf
8.467852940499782655e-01 0.000000000000000000e+00 inf -inf
8.700182697832584688e-01 0.000000000000000000e+00 inf -inf
8.932512455165386722e-01 0.000000000000000000e+00 inf -inf
9.164842212498188756e-01 0.000000000000000000e+00 inf -inf
9.397171969830990790e-01 0.000000000000000000e+00 inf -inf
9.629501727163791713e-01 0.000000000000000000e+00 inf -inf
9.861831484496593747e-01 0.000000000000000000e+00 inf -inf
1.009416124182939578e+00 0.000000000000000000e+00 inf -inf
1.032649099916219892e+00 0.000000000000000000e+00 inf -inf
1.055882075649499985e+00 0.000000000000000000e+00 inf -inf
1.079115051382780077e+00 0.000000000000000000e+00 inf -inf
1.102348027116060170e+00 0.000000000000000000e+00 inf -inf
1.125581002849340484e+00 0.000000000000000000e+00 inf -inf
1.148813978582620798e+00 0.000000000000000000e+00 inf -inf
1.172046954315900891e+00 0.000000000000000000e+00 inf -inf
1.195279930049180983e+00 0.000000000000000000e+00 inf -inf
1.218512905782461075e+00 0.000000000000000000e+00 inf -inf
1.241745881515741390e+00 0.000000000000000000e+00 inf -inf
1.264978857249021704e+00 0.000000000000000000e+00 inf -inf
1.288211832982301797e+00 0.000000000000000000e+00 inf -inf
1.311444808715581889e+00 0.000000000000000000e+00 inf -inf
1.334677784448861981e+00 0.000000000000000000e+00 inf -inf
1.357910760182142296e+00 0.000000000000000000e+00 inf -inf
1.381143735915422610e+00 0.000000000000000000e+00 inf -inf
1.404376711648702702e+00 0.000000000000000000e+00 inf -inf
1.427609687381982795e+00 0.000000000000000000e+00 inf -inf
1.450842663115262887e+00 0.000000000000000000e+00 inf -inf
1.474075638848543202e+00 0.000000000000000000e+00 inf -inf
1.497308614581823516e+00 0.000000000000000000e+00 inf -inf
1.520541590315103608e+00 0.000000000000000000e+00 inf -inf
1.543774566048383701e+00 0.000000000000000000e+00 inf -inf
1.567007541781663793e+00 0.000000000000000000e+00 inf -inf
1.590240517514944107e+00 0.000000000000000000e+00 inf -inf
1.613473493248224422e+00 0.000000000000000000e+00 inf -inf
1.636706468981504514e+00 0.000000000000000000e+00 inf -inf
1.659939444714784607e+00 0.000000000000000000e+00 inf -inf
1.683172420448064921e+00 0.000000000000000000e+00 inf -inf
1.706405396181345235e+00 0.000000000000000000e+00 inf -inf
1.729638371914625328e+00 0.000000000000000000e+00 inf -inf
1.752871347647905420e+00 0.000000000000000000e+00 inf -inf
1.776104323381185512e+00 0.000000000000000000e+00 inf -inf
1.799337299114465605e+00 0.000000000000000000e+00 inf -inf
1.822570274847745919e+00 0.000000000000000000e+00 inf -inf
1.845803250581026234e+00 0.000000000000000000e+00 inf -inf
1.869036226314306326e+00 0.000000000000000000e+00 inf -inf
1.892269202047586418e+00 0.000000000000000000e+00 inf -inf
1.915502177780866733e+00 0.000000000000000000e+00 inf -inf
1.938735153514147047e+00 0.000000000000000000e+00 inf -inf
1.961968129247427139e+00 0.000000000000000000e+00 inf -inf
1.985201104980707232e+00 0.000000000000000000e+00 inf -inf
2.008434080713987324e+00 6.110728639255894379e+00 0.000000000000000000e+00 7.860929983180199310e-01
