# created by program: /home/aporutho/.conda/envs/westpa-2020.02/westpa-2020.03/lib/west_tools/plothist.py
# created by user:    aporutho
# created on host:    bhc0136
# created at:         Mon Aug  8 03:45:00 2022
# source data: /gpfs/fs2/scratch/aporutho/LipidPhase/Simulation/Weighted_Ensemble_3/Analysis/ClusterLipids2Total_AuxData/DPPC_POPC_CHOL/298K/multi_west/clusbydxpc.h5 dimension 0
# column 0: midpoint of bin
# column 1: probability in bin
# column 2: -ln P
# column 3: log10 P
2.703938427567482202e-03 1.092014986363607041e-04 1.112347766626807477e+01 -3.961771401511906099e+00
8.111815282702446173e-03 0.000000000000000000e+00 inf -inf
1.351969213783741144e-02 3.728074541234333451e-03 7.593025282689030320e+00 -2.428515412701344189e+00
1.892756899297237672e-02 2.143888436632536594e-03 8.146295967576824282e+00 -2.668797818146945833e+00
2.433544584810733852e-02 0.000000000000000000e+00 inf -inf
2.974332270324230379e-02 1.494451407130840265e-02 6.204572893537289247e+00 -1.825518201707356791e+00
3.515119955837726906e-02 6.951074412239365702e-03 6.970020934961015158e+00 -2.157948062281332735e+00
4.055907641351223780e-02 8.176437530326392334e-04 9.110245721260119112e+00 -3.087435877003599671e+00
4.596695326864719267e-02 1.967501064806893296e-01 3.626982745783490003e+00 -7.060850239296942998e-01
5.137483012378216141e-02 3.257003941061799995e-02 5.425524344963173817e+00 -1.487181715926880976e+00
5.678270697891713015e-02 9.454586641362310029e-02 4.359832098653273036e+00 -1.024357453947410068e+00
6.219058383405208501e-02 2.150700769116060673e-01 3.537953260133973821e+00 -6.674200095854246895e-01
6.759846068918705375e-02 1.632173200741762198e-01 3.813834609474438420e+00 -7.872337572640117909e-01
7.300633754432202249e-02 3.914274757423842899e-01 2.939116923154172056e+00 -4.073486928719406985e-01
7.841421439945697736e-02 4.876823995491953445e-01 2.719252800897190347e+00 -3.118629178072315766e-01
8.382209125459194610e-02 7.313161077284294764e-01 2.314071376087687870e+00 -1.358948608427673066e-01
8.922996810972691484e-02 1.101774288613773578e+00 1.904240025314058116e+00 4.209263330917617507e-02
9.463784496486188358e-02 9.426362306455833284e-01 2.060236723602734799e+00 -2.565587195272262672e-02
1.000457218199968384e-01 1.786692070335678340e+00 1.420795990511650508e+00 2.520497099329053747e-01
1.054535986751318072e-01 1.227342710517437263e+00 1.796310460891811456e+00 8.896584757197942284e-02
1.108614755302667620e-01 2.148252287185561826e+00 1.236507273412170038e+00 3.320852828462391715e-01
1.162693523854017308e-01 2.460301724033388204e+00 1.100877900827414546e+00 3.909883709437986243e-01
1.216772292405366995e-01 2.121118003955798859e+00 1.249218585261806069e+00 3.265648302521909074e-01
1.270851060956716683e-01 3.433389709508126053e+00 7.676138686188767046e-01 5.357231011487941785e-01
1.324929829508066370e-01 2.427974677136135906e+00 1.114104451669362561e+00 3.852441528985279251e-01
1.379008598059415780e-01 4.166641497783331261e+00 5.740515802067305273e-01 6.197861349107550710e-01
1.433087366610765745e-01 5.322169918814177336e+00 3.292807956269510061e-01 7.260887359848828826e-01
1.487166135162115155e-01 3.450950987797737124e+00 7.625120536004434957e-01 5.379387912589909115e-01
1.541244903713464842e-01 5.713431384139425084e+00 2.583421091910109713e-01 7.568970160574767236e-01
1.595323672264814530e-01 4.145132819356244447e+00 5.792270639522427711e-01 6.175384508788991367e-01
1.649402440816163939e-01 6.182218857076438034e+00 1.794846499039981502e-01 7.911443754827367503e-01
1.703481209367513904e-01 7.022842521854380848e+00 5.199384157286335295e-02 8.465129300343336993e-01
1.757559977918863314e-01 4.769238554993181722e+00 4.389752352158389215e-01 6.784490461759592472e-01
1.811638746470213279e-01 7.397646398006182622e+00 0.000000000000000000e+00 8.690935685223801777e-01
1.865717515021562689e-01 5.162043976725378513e+00 3.598292747173630346e-01 7.128217000853800389e-01
1.919796283572912377e-01 7.161548727178012719e+00 3.243563503563562378e-02 8.550069512093758650e-01
1.973875052124262064e-01 7.218723997798883296e+00 2.448368961757041440e-02 8.584604372248374471e-01
2.027953820675611474e-01 5.257544310524594700e+00 3.414978386775924246e-01 7.207829416028148639e-01
2.082032589226961439e-01 7.144267577372057865e+00 3.485159758453493239e-02 8.539577120059038684e-01
2.136111357778310849e-01 4.436850880020813293e+00 5.112170317538318187e-01 6.470748325767314846e-01
2.190190126329660814e-01 6.699001723335212155e+00 9.920337651792765499e-02 8.260100895144735222e-01
2.244268894881010223e-01 6.617513662722909196e+00 1.114421755445234030e-01 8.206948466321001279e-01
2.298347663432359633e-01 4.644729800532673814e+00 4.654286946834407246e-01 6.669604547019285512e-01
2.352426431983709598e-01 6.374738866357065881e+00 1.488187672311813703e-01 8.044623991102336502e-01
2.406505200535059008e-01 4.189168810875591120e+00 5.686595555341065200e-01 6.221278614723618761e-01
2.460583969086408973e-01 5.984231705533631818e+00 2.120339345295640943e-01 7.770084007799551440e-01
2.514662737637758383e-01 4.426059401212298461e+00 5.136522327880423955e-01 6.460172382052488116e-01
2.568741506189108348e-01 4.071675375656422347e+00 5.971073403322930684e-01 6.097731455121382371e-01
2.622820274740457758e-01 5.037697390231156369e+00 3.842127846265157576e-01 7.022320762824018070e-01
2.676899043291807168e-01 3.145553615303386508e+00 8.551719903326000516e-01 4.976970920427108425e-01
2.730977811843157133e-01 3.966944786209009255e+00 6.231656721348026728e-01 5.984561558027042816e-01
2.785056580394507098e-01 2.738679112894075729e+00 9.936861667185497016e-01 4.375411495729192302e-01
2.839135348945855952e-01 3.696127228435245105e+00 6.938763188317271791e-01 5.677469121304196120e-01
2.893214117497205917e-01 3.206065988215226259e+00 8.361172585964422588e-01 5.059724568898709141e-01
2.947292886048555882e-01 1.903653451296296373e+00 1.357386986367241200e+00 2.795878905358027411e-01
3.001371654599905292e-01 2.421496127535962550e+00 1.116776311637274643e+00 3.840837788580454548e-01
3.055450423151254702e-01 1.365443178143210812e+00 1.689682846722073473e+00 1.352736320244055657e-01
3.109529191702604667e-01 2.131910377399465872e+00 1.244143426743649750e+00 3.287689435914104563e-01
3.163607960253954077e-01 1.673755594759758658e+00 1.486091934629378830e+00 2.236920417119129256e-01
3.217686728805303487e-01 1.025945746197894914e+00 1.975547028895614954e+00 1.112439513265055767e-02
3.271765497356653452e-01 1.355089309831922995e+00 1.697294531821950336e+00 1.319679191875438029e-01
3.325844265908003416e-01 6.137952599784052277e-01 2.489255754543274968e+00 -2.119764697216795779e-01
3.379923034459352826e-01 7.688192809425692387e-01 2.264061237667434501e+00 -1.141757336876334517e-01
3.434001803010702236e-01 6.540775600102322063e-01 2.425691236565381104e+00 -1.843707503190403496e-01
3.488080571562052201e-01 2.889426547356189756e-01 3.242688932375832778e+00 -5.391883413371909572e-01
3.542159340113401611e-01 3.297470296306612147e-01 3.110591390665324418e+00 -4.818191078993325771e-01
3.596238108664751021e-01 2.227747527433134311e-01 3.502755990674828901e+00 -6.521340296812562221e-01
3.650316877216100986e-01 1.865726254982634225e-01 3.680096598137086339e+00 -7.291520769194854701e-01
3.704395645767450951e-01 1.730997577331493675e-01 3.755049111675000439e+00 -7.617035399537800400e-01
3.758474414318800361e-01 9.758777070292209976e-02 4.328164988885422559e+00 -1.010604602917408501e+00
3.812553182870149771e-01 1.377829061477037209e-01 3.983237871668843688e+00 -8.608046592514517759e-01
3.866631951421499735e-01 5.798406669956725212e-02 4.848748913549050243e+00 -1.236691328766359899e+00
3.920710719972849145e-01 4.890113862386195193e-02 5.019116493327475226e+00 -1.310681028559341543e+00
3.974789488524198555e-01 5.706048079130222189e-02 4.864805402463329820e+00 -1.243664573300572229e+00
4.028868257075548520e-01 1.856871843564786295e-02 5.987438813915566982e+00 -1.731218069094501599e+00
4.082947025626898485e-01 1.523544654705934719e-02 6.185292451666157376e+00 -1.817144812194068093e+00
4.137025794178247340e-01 7.466842024157697988e-03 6.898445018983398569e+00 -2.126863036935083162e+00
4.191104562729597305e-01 8.462955860146264414e-03 6.773218669231688693e+00 -2.072477924249028991e+00
4.245183331280947270e-01 3.800269282163962984e-03 7.573845246329785397e+00 -2.420185628747820505e+00
4.299262099832296680e-01 1.740213923302864939e-03 8.354909124182443136e+00 -2.759397360913185882e+00
4.353340868383646090e-01 1.549885542706974824e-03 8.470736089489028231e+00 -2.809700372801434476e+00
4.407419636934996054e-01 8.728749196264585803e-04 9.044880184173807791e+00 -3.059047984940372444e+00
4.461498405486346019e-01 1.127431452478479951e-03 8.788975179760180723e+00 -2.947909853632107335e+00
4.515577174037694874e-01 9.144507903078604154e-04 8.998348797366766405e+00 -3.038839660414768495e+00
4.569655942589044839e-01 2.851751172758683578e-04 1.016356901510527067e+01 -3.544888371180706876e+00
4.623734711140394804e-01 4.154691668956535635e-04 9.787264048949573692e+00 -3.381461200866497485e+00
4.677813479691744214e-01 8.075950208259441681e-05 1.142519682523157876e+01 -4.092806367334246964e+00
4.731892248243093624e-01 1.708447445355654897e-04 1.067591723586593133e+01 -3.767398376270011173e+00
4.785971016794443589e-01 5.011955843151525526e-05 1.190226113349700299e+01 -4.299992763926911543e+00
4.840049785345793554e-01 0.000000000000000000e+00 inf -inf
4.894128553897142409e-01 1.152684803487019620e-06 1.567457862012974523e+01 -5.938289432358655695e+00
4.948207322448492373e-01 7.624243695742908113e-05 1.148275423013633656e+01 -4.117803230677053783e+00
5.002286090999842338e-01 0.000000000000000000e+00 inf -inf
5.056364859551192303e-01 0.000000000000000000e+00 inf -inf
5.110443628102541158e-01 0.000000000000000000e+00 inf -inf
5.164522396653891123e-01 0.000000000000000000e+00 inf -inf
5.218601165205241088e-01 0.000000000000000000e+00 inf -inf
5.272679933756589943e-01 0.000000000000000000e+00 inf -inf
5.326758702307939908e-01 0.000000000000000000e+00 inf -inf
5.380837470859289873e-01 0.000000000000000000e+00 inf -inf
