# created by program: /home/aporutho/.conda/envs/westpa-2020.02/westpa-2020.03/lib/west_tools/plothist.py
# created by user:    aporutho
# created on host:    bhc0136
# created at:         Mon Aug  8 03:45:18 2022
# source data: /gpfs/fs2/scratch/aporutho/LipidPhase/Simulation/Weighted_Ensemble_3/Analysis/ClusterLipids2Total_AuxData/DPPC_POPC_CHOL/298K/multi_west/corebydppc.h5 dimension 0
# column 0: midpoint of bin
# column 1: probability in bin
# column 2: -ln P
# column 3: log10 P
9.046233706176280741e-04 0.000000000000000000e+00 inf -inf
2.713870111852884331e-03 3.349549323742362947e-04 1.120691274305777974e+01 -3.475013622628391641e+00
4.523116853088140696e-03 2.968916204822387179e-03 9.024956484608544827e+00 -2.527402059829622516e+00
6.332363594323396627e-03 4.843354009055618470e-02 6.232960905822100273e+00 -1.314853786464394103e+00
8.141610335558652559e-03 3.907708658413459879e-02 6.447617182276690784e+00 -1.408077822834521875e+00
9.950857076793908490e-03 1.618163846303966036e-01 5.026691192415110976e+00 -7.909775062447219618e-01
1.176010381802916616e-02 3.699820815076071412e-01 4.199698880516786303e+00 -4.318193086108663703e-01
1.356935055926442035e-02 0.000000000000000000e+00 inf -inf
1.537859730049967802e-02 1.104551539093511447e+00 3.105958772025064096e+00 4.318598514335247884e-02
1.718784404173493569e-02 1.850717039176146717e+00 2.589825024901427852e+00 2.673400234431961842e-01
1.899709078297018988e-02 2.884640702695135950e+00 2.145997825231784617e+00 4.600917271782948292e-01
2.080633752420544408e-02 4.988421786998070928e+00 1.598278593055203478e+00 6.979631673448700724e-01
2.261558426544070174e-02 7.555662558103240833e+00 1.183100887800904832e+00 8.782725537460667198e-01
2.442483100667595941e-02 9.372676929576581273e+00 9.675994306704835957e-01 9.718636474199189301e-01
2.623407774791121361e-02 1.194258930285603171e+01 7.252872336529030406e-01 1.077098497482507744e+00
2.804332448914646780e-02 0.000000000000000000e+00 inf -inf
2.985257123038172894e-02 1.499120617340203054e+01 4.979344035614499120e-01 1.175836577036313280e+00
3.166181797161698314e-02 1.547266003164938830e+01 4.663235800915415119e-01 1.189564983237712426e+00
3.347106471285223733e-02 1.970579622277170273e+01 2.244853606678307578e-01 1.294593987446737593e+00
3.528031145408749847e-02 1.964228321123839649e+01 2.277136283549152651e-01 1.293191968604130215e+00
3.708955819532275267e-02 2.198624295512117044e+01 1.149812401000924744e-01 1.342151022754974887e+00
3.889880493655800686e-02 2.431462974042953107e+01 1.431996152219783269e-02 1.385867660582680516e+00
4.070805167779326106e-02 0.000000000000000000e+00 inf -inf
4.251729841902851526e-02 2.461015060644142594e+01 2.239193532798111619e-03 1.391114271457630336e+00
4.432654516026377639e-02 2.461478479395996644e+01 2.050907352449282683e-03 1.391196043106774471e+00
4.613579190149903059e-02 2.466531924009315802e+01 0.000000000000000000e+00 1.392086740852837901e+00
4.794503864273429172e-02 2.459519299956934191e+01 2.847160320006203449e-03 1.390850234836765509e+00
4.975428538396954592e-02 2.286056161557232969e+01 7.598495196718602074e-02 1.359086895505805526e+00
5.156353212520480012e-02 2.099060537066500132e+01 1.613232033174694102e-01 1.322024963849104617e+00
5.337277886644005431e-02 2.196877601431945948e+01 1.157760044810736133e-01 1.341805860969901509e+00
5.518202560767530851e-02 0.000000000000000000e+00 inf -inf
5.699127234891056965e-02 1.915837163583464076e+01 2.526583964026563045e-01 1.282358593488639897e+00
5.880051909014582384e-02 1.814135519337665770e+01 3.072040282830021951e-01 1.258669726551079560e+00
6.060976583138108498e-02 1.868978044947543538e+01 2.774213031954895214e-01 1.271604199712627947e+00
6.241901257261633917e-02 1.870874490925686828e+01 2.764071208861582640e-01 1.272044653493214383e+00
6.422825931385159337e-02 1.627569613960507411e+01 4.157252169076959269e-01 1.211539573161793060e+00
6.603750605508684757e-02 1.447829464825020196e+01 5.327475705315110055e-01 1.160717410723639320e+00
6.784675279632210176e-02 8.291408453067413475e+00 1.090178325089368183e+00 9.186283099759959825e-01
6.965599953755735596e-02 6.607019451472942784e+00 1.317265540528623768e+00 8.200055853999523858e-01
7.146524627879261016e-02 1.254977523464985190e+01 6.756954218146487001e-01 1.098635947711445793e+00
7.327449302002787823e-02 1.123802703900178557e+01 7.860948789220372213e-01 1.050690072684592469e+00
7.508373976126313243e-02 9.514163452646252850e+00 9.526165995564115363e-01 9.783706082960486050e-01
7.689298650249838663e-02 1.021061388759761179e+01 8.819704211619163736e-01 1.009051853740330573e+00
7.870223324373364082e-02 8.474094665390900616e+00 1.068384354224667376e+00 9.280933112612956837e-01
8.051147998496889502e-02 7.848120200293985604e+00 1.145124139455099943e+00 8.947656459932782358e-01
8.232072672620414922e-02 0.000000000000000000e+00 inf -inf
8.412997346743941729e-02 7.939332633929197414e+00 1.133568957058279203e+00 8.997839979456030424e-01
8.593922020867467149e-02 7.426561473749528908e+00 1.200335215568599345e+00 8.707877802972449066e-01
8.774846694990992568e-02 4.941412092525188093e+00 1.607747038600222167e+00 6.938510736924670130e-01
8.955771369114517988e-02 4.801176158416314621e+00 1.636537256740848933e+00 6.813476408212019164e-01
9.136696043238043408e-02 3.880315564906453130e+00 1.849481696152970311e+00 5.888670458325362400e-01
9.317620717361568827e-02 3.738632122041408934e+00 1.886678375885845416e+00 5.727127330794260507e-01
9.498545391485094247e-02 3.312542194556814756e+00 2.007682248431780891e+00 5.201614189438019675e-01
9.679470065608619667e-02 0.000000000000000000e+00 inf -inf
9.860394739732146474e-02 2.634716632611901588e+00 2.236622541237633932e+00 4.207339130929053095e-01
1.004131941385567189e-01 2.394955830268509889e+00 2.332033389426209524e+00 3.792975082108979157e-01
1.022224408797919731e-01 1.930731266761703147e+00 2.547499351792901212e+00 2.857218297170699972e-01
1.040316876210272273e-01 1.723377487146062537e+00 2.661112156950470542e+00 2.363804153635884753e-01
1.058409343622624815e-01 1.280357942621520584e+00 2.958258496130545367e+00 1.073313999399297530e-01
1.076501811034977357e-01 1.087797340295286963e+00 3.121243314669667424e+00 3.654799261438625851e-02
1.094594278447330038e-01 0.000000000000000000e+00 inf -inf
1.112686745859682580e-01 1.019133110180125534e+00 3.186445803689449185e+00 8.230911426737770598e-03
1.130779213272035122e-01 8.282840271229883200e-01 3.393797333133600880e+00 -8.182071362505699552e-02
1.148871680684387664e-01 6.475520547719078035e-01 3.639954272812107927e+00 -1.887253142096242675e-01
1.166964148096740206e-01 4.988003480355170938e-01 3.900947545073285117e+00 -3.020732521665265846e-01
1.185056615509092748e-01 4.682793490513132983e-01 3.964088439098364169e+00 -3.294949940240563535e-01
1.203149082921445290e-01 3.124634172714294000e-01 4.368666059032126903e+00 -5.052008218628406544e-01
1.221241550333797832e-01 1.299495078683562121e-01 5.246007482628819218e+00 -8.862253608760273238e-01
1.239334017746150512e-01 0.000000000000000000e+00 inf -inf
1.257426485158503193e-01 1.266869650723073948e-01 5.271434254840128730e+00 -8.972680677400100002e-01
1.275518952570855458e-01 1.893076686017060306e-01 4.869779888919668842e+00 -7.228317929884047199e-01
1.293611419983208277e-01 1.065920647679898386e-01 5.444144386988219786e+00 -9.722751251007075712e-01
1.311703887395560542e-01 1.090381573888479227e-01 5.421455567867239367e+00 -9.624214961555647152e-01
1.329796354807913361e-01 9.251975288347510928e-02 5.585731290217371026e+00 -1.033765535882897657e+00
1.347888822220265626e-01 3.078530500376930670e-02 6.686115990765566508e+00 -1.511656539301741375e+00
1.365981289632618445e-01 1.508054481437576255e-02 7.399747966423092294e+00 -1.821582968439520389e+00
1.384073757044970709e-01 1.009181087140923611e-02 7.801429166468304643e+00 -1.996030897103431956e+00
1.402166224457323529e-01 3.458777289594139326e-02 6.569653221526253084e+00 -1.461077401273935372e+00
1.420258691869676071e-01 2.590940454649933236e-02 6.858547443924052800e+00 -1.586542567915030455e+00
1.438351159282028613e-01 1.924380218778892412e-02 7.155964412003082309e+00 -1.715709115976148835e+00
1.456443626694381432e-01 5.357765489890443759e-03 8.434606454677521015e+00 -2.271016299439160058e+00
1.474536094106733697e-01 3.128165571950973153e-03 8.972706703132951489e+00 -2.504710268054122224e+00
1.492628561519086516e-01 9.802095786999368704e-03 7.830557237995654063e+00 -2.008681057836243067e+00
1.510721028931438781e-01 0.000000000000000000e+00 inf -inf
1.528813496343791600e-01 1.068258562167290031e-03 1.004712364598030128e+01 -2.971323617596087541e+00
1.546905963756143865e-01 1.574897792662803520e-04 1.196154817299409956e+01 -3.802747625698422951e+00
1.564998431168496684e-01 2.836454153375451309e-04 1.137318381506169906e+01 -3.547224231699832142e+00
1.583090898580848949e-01 5.395748839182401210e-03 8.427542065103168056e+00 -2.267948274029003564e+00
1.601183365993201768e-01 0.000000000000000000e+00 inf -inf
1.619275833405554033e-01 4.406354063484174102e-04 1.093269094507439831e+01 -3.355920608946620476e+00
1.637368300817906852e-01 8.814255852508607117e-03 7.936783062658207655e+00 -2.054814347322812651e+00
1.655460768230259117e-01 0.000000000000000000e+00 inf -inf
1.673553235642611936e-01 0.000000000000000000e+00 inf -inf
1.691645703054964756e-01 0.000000000000000000e+00 inf -inf
1.709738170467317020e-01 0.000000000000000000e+00 inf -inf
1.727830637879669839e-01 0.000000000000000000e+00 inf -inf
1.745923105292022104e-01 0.000000000000000000e+00 inf -inf
1.764015572704374923e-01 0.000000000000000000e+00 inf -inf
1.782108040116727188e-01 0.000000000000000000e+00 inf -inf
1.800200507529080007e-01 0.000000000000000000e+00 inf -inf
