# created by program: /home/aporutho/.conda/envs/westpa-2020.02/westpa-2020.03/lib/west_tools/plothist.py
# created by user:    aporutho
# created on host:    bhc0136
# created at:         Mon Aug  8 03:38:20 2022
# source data: /gpfs/fs2/scratch/aporutho/LipidPhase/Simulation/Weighted_Ensemble_3/Analysis/ClusterLipids2Total_AuxData/DPPC_DIPC_CHOL/323K/multi_west/corebydxpc.h5 dimension 0
# column 0: midpoint of bin
# column 1: probability in bin
# column 2: -ln P
# column 3: log10 P
8.188709486275910776e-02 0.000000000000000000e+00 inf -inf
9.010572340339423336e-02 0.000000000000000000e+00 inf -inf
9.832435194402933121e-02 0.000000000000000000e+00 inf -inf
1.065429804846644291e-01 0.000000000000000000e+00 inf -inf
1.147616090252995547e-01 0.000000000000000000e+00 inf -inf
1.229802375659346525e-01 0.000000000000000000e+00 inf -inf
1.311988661065697503e-01 0.000000000000000000e+00 inf -inf
1.394174946472048759e-01 0.000000000000000000e+00 inf -inf
1.476361231878399738e-01 0.000000000000000000e+00 inf -inf
1.558547517284750994e-01 0.000000000000000000e+00 inf -inf
1.640733802691101972e-01 0.000000000000000000e+00 inf -inf
1.722920088097452951e-01 0.000000000000000000e+00 inf -inf
1.805106373503804207e-01 0.000000000000000000e+00 inf -inf
1.887292658910155185e-01 0.000000000000000000e+00 inf -inf
1.969478944316506164e-01 0.000000000000000000e+00 inf -inf
2.051665229722857420e-01 0.000000000000000000e+00 inf -inf
2.133851515129208398e-01 0.000000000000000000e+00 inf -inf
2.216037800535559654e-01 0.000000000000000000e+00 inf -inf
2.298224085941910633e-01 0.000000000000000000e+00 inf -inf
2.380410371348261611e-01 0.000000000000000000e+00 inf -inf
2.462596656754612867e-01 0.000000000000000000e+00 inf -inf
2.544782942160963568e-01 0.000000000000000000e+00 inf -inf
2.626969227567315102e-01 0.000000000000000000e+00 inf -inf
2.709155512973666080e-01 0.000000000000000000e+00 inf -inf
2.791341798380017059e-01 1.271460254232245899e-05 1.301896248447694049e+01 -4.895697211294333329e+00
2.873528083786368592e-01 2.339446608544964328e-04 1.010662902858812373e+01 -3.630886861939592425e+00
2.955714369192719015e-01 2.955457538509593564e-03 7.570304870680884868e+00 -2.529375275842566939e+00
3.037900654599070549e-01 6.936371501064309171e-03 6.717179545592557588e+00 -2.158867654784788481e+00
3.120086940005420972e-01 1.855581693613047797e-02 5.733175023560612260e+00 -1.731519920698467718e+00
3.202273225411772506e-01 5.399581017877017747e-02 4.665051890648188149e+00 -1.267639938081388529e+00
3.284459510818124039e-01 8.104421933186962967e-02 4.258963421529228022e+00 -1.091277956778485159e+00
3.366645796224474463e-01 2.072788549086791721e-01 3.319893333051182616e+00 -6.834449992320712486e-01
3.448832081630825996e-01 3.904094635218205989e-01 2.686762250096651705e+00 -4.084796635834886946e-01
3.531018367037176420e-01 4.930799290622388531e-01 2.453287056103553354e+00 -3.070826751709947455e-01
3.613204652443527953e-01 8.584858001411380668e-01 1.898788205032663878e+00 -6.626688392921437076e-02
3.695390937849879487e-01 9.540817535602310606e-01 1.793208981587795181e+00 -2.041440978347752386e-02
3.777577223256229910e-01 1.817157807087017574e+00 1.148929429944739677e+00 2.593926442982026348e-01
3.859763508662581444e-01 1.802451736102562929e+00 1.157055252206950602e+00 2.558636445287978955e-01
3.941949794068931867e-01 2.852878536690730549e+00 6.978745685034042356e-01 4.552832816578104569e-01
4.024136079475283401e-01 2.621178126919903484e+00 7.825791824715623290e-01 4.184965352196943211e-01
4.106322364881634934e-01 3.038366811458553585e+00 6.348829279541954307e-01 4.826402035543649882e-01
4.188508650287985358e-01 4.010582887206583180e+00 3.572664767774880179e-01 6.032074963859725969e-01
4.270694935694336891e-01 3.337010610038608771e+00 5.411276866597887203e-01 5.233575874980337383e-01
4.352881221100687315e-01 4.110003154502472889e+00 3.327792699113893971e-01 6.138421552051425145e-01
4.435067506507038848e-01 2.652021386470859277e+00 7.708809293668752449e-01 4.235770219909674728e-01
4.517253791913389827e-01 2.916456962769744976e+00 6.758335553004388707e-01 4.648555720674150682e-01
4.599440077319740805e-01 2.303955189584590890e+00 9.115757722585980938e-01 3.624740280908472778e-01
4.681626362726092339e-01 3.183456499662238315e+00 5.882355098686626871e-01 5.028989198239457448e-01
4.763812648132442762e-01 2.952609877745232758e+00 6.635135823861422200e-01 4.702060683212916370e-01
4.845998933538794295e-01 3.826665796806594244e+00 4.042091910301530699e-01 5.828205346204788917e-01
4.928185218945145274e-01 4.935258927694645692e+00 1.497979268110578577e-01 6.933099428048622448e-01
5.010371504351496252e-01 3.918423349389767996e+00 3.805136998308866758e-01 5.931113556943075071e-01
5.092557789757847786e-01 4.378813687079893491e+00 2.694252259342500011e-01 6.413564669106701643e-01
5.174744075164198209e-01 3.057549032453162230e+00 6.285894407080374613e-01 4.853734303372998493e-01
5.256930360570549743e-01 3.033976336774415916e+00 6.363289843913992883e-01 4.820121892231666871e-01
5.339116645976900166e-01 1.947438749040030670e+00 1.079688018740504685e+00 2.894638071033959204e-01
5.421302931383251700e-01 1.458547253333802418e+00 1.368762157553931047e+00 1.639205037557902034e-01
5.503489216789603233e-01 1.215522755712715730e+00 1.551028830061858432e+00 8.476309365073024515e-02
5.585675502195953657e-01 6.111685534993372970e-01 2.238585558818010135e+00 -2.138389996435172413e-01
5.667861787602305190e-01 4.707466882115219908e-01 2.499638212539899040e+00 -3.272127266411340996e-01
5.750048073008655614e-01 2.323341270353423693e-01 3.205781806612660212e+00 -6.338869929782641188e-01
5.832234358415007147e-01 3.282834217271003996e-01 2.860081019016067927e+00 -4.837510485354560297e-01
5.914420643821358681e-01 2.484281252283042085e-01 3.138804775713651019e+00 -6.047992380445607052e-01
5.996606929227709104e-01 2.457082572392544073e-01 3.149813458960421642e+00 -6.095802484316540371e-01
6.078793214634060638e-01 2.307308286161185440e-01 3.212706557909236871e+00 -6.368943742549196818e-01
6.160979500040411061e-01 3.321123495394709413e-01 2.848485031021533942e+00 -4.787149749372134888e-01
6.243165785446762595e-01 6.578460297622468200e-01 2.164987438298366040e+00 -1.818757420233854394e-01
6.325352070853114128e-01 8.666967931826532467e-01 1.889269148818323751e+00 -6.213281034239963307e-02
6.407538356259464551e-01 1.460356278393215135e+00 1.367522633690694045e+00 1.644588221297814123e-01
6.489724641665816085e-01 1.784470309249267972e+00 1.167081440262766723e+00 2.515093263816326474e-01
6.571910927072166508e-01 2.701537644729165244e+00 7.523819569824371500e-01 4.316110236184096394e-01
6.654097212478518042e-01 2.763075708053387647e+00 7.298586197014118593e-01 4.413927847136046578e-01
6.736283497884869576e-01 3.819050163191505920e+00 4.062013226169247648e-01 5.819553628651188415e-01
6.818469783291219999e-01 4.763650850265819692e+00 1.851887063277499745e-01 6.779399225505081672e-01
6.900656068697571532e-01 4.291307176639947762e+00 2.896116762312734849e-01 6.325896029374585838e-01
6.982842354103921956e-01 5.438754716803316569e+00 5.265294362700001507e-02 7.354994729462828174e-01
7.065028639510273489e-01 4.474405629340565405e+00 2.478295432917525520e-01 6.507353527152406336e-01
7.147214924916625023e-01 5.732794257855750253e+00 0.000000000000000000e+00 7.583663558194517762e-01
7.229401210322975446e-01 4.517060432160151962e+00 2.383416305284280501e-01 6.548559008731318354e-01
7.311587495729326980e-01 3.923168974780095297e+00 3.793033267909460271e-01 5.936370140265980755e-01
7.393773781135677403e-01 1.874231044186711603e+00 1.118004600400810844e+00 2.728231271229296651e-01
7.475960066542028937e-01 8.826092930047139129e-01 1.871075719016354721e+00 -5.423150417251031141e-02
7.558146351948380470e-01 4.554077124457935333e-01 2.532765255892063472e+00 -3.415996187707489584e-01
7.640332637354730894e-01 9.345006192439142545e-02 4.116531148371559645e+00 -1.029420406501172947e+00
7.722518922761081317e-01 3.277599990317609652e-02 5.164261807629764611e+00 -1.484444050337867749e+00
7.804705208167432851e-01 5.244914705874328432e-03 6.996699365191927811e+00 -2.280261570019387118e+00
7.886891493573784384e-01 0.000000000000000000e+00 inf -inf
7.969077778980135918e-01 0.000000000000000000e+00 inf -inf
8.051264064386486341e-01 0.000000000000000000e+00 inf -inf
8.133450349792836764e-01 0.000000000000000000e+00 inf -inf
8.215636635199188298e-01 0.000000000000000000e+00 inf -inf
8.297822920605539831e-01 0.000000000000000000e+00 inf -inf
8.380009206011891365e-01 0.000000000000000000e+00 inf -inf
8.462195491418241788e-01 0.000000000000000000e+00 inf -inf
8.544381776824592212e-01 0.000000000000000000e+00 inf -inf
8.626568062230943745e-01 0.000000000000000000e+00 inf -inf
8.708754347637295279e-01 0.000000000000000000e+00 inf -inf
8.790940633043646812e-01 0.000000000000000000e+00 inf -inf
8.873126918449997236e-01 0.000000000000000000e+00 inf -inf
8.955313203856348769e-01 0.000000000000000000e+00 inf -inf
