# created by program: /home/aporutho/.conda/envs/westpa-2020.02/westpa-2020.03/lib/west_tools/plothist.py
# created by user:    aporutho
# created on host:    bhc0136
# created at:         Mon Aug  8 03:38:10 2022
# source data: /gpfs/fs2/scratch/aporutho/LipidPhase/Simulation/Weighted_Ensemble_3/Analysis/ClusterLipids2Total_AuxData/DPPC_DIPC_CHOL/323K/multi_west/corebydppc.h5 dimension 0
# column 0: midpoint of bin
# column 1: probability in bin
# column 2: -ln P
# column 3: log10 P
6.924589210748671730e-02 0.000000000000000000e+00 inf -inf
7.730289500951767478e-02 0.000000000000000000e+00 inf -inf
8.535989791154861839e-02 0.000000000000000000e+00 inf -inf
9.341690081357956199e-02 0.000000000000000000e+00 inf -inf
1.014739037156105056e-01 0.000000000000000000e+00 inf -inf
1.095309066176414492e-01 0.000000000000000000e+00 inf -inf
1.175879095196724067e-01 0.000000000000000000e+00 inf -inf
1.256449124217033364e-01 0.000000000000000000e+00 inf -inf
1.337019153237342661e-01 0.000000000000000000e+00 inf -inf
1.417589182257652514e-01 0.000000000000000000e+00 inf -inf
1.498159211277961811e-01 0.000000000000000000e+00 inf -inf
1.578729240298271108e-01 0.000000000000000000e+00 inf -inf
1.659299269318580961e-01 0.000000000000000000e+00 inf -inf
1.739869298338890258e-01 0.000000000000000000e+00 inf -inf
1.820439327359199555e-01 0.000000000000000000e+00 inf -inf
1.901009356379508852e-01 0.000000000000000000e+00 inf -inf
1.981579385399818705e-01 0.000000000000000000e+00 inf -inf
2.062149414420128002e-01 0.000000000000000000e+00 inf -inf
2.142719443440437299e-01 0.000000000000000000e+00 inf -inf
2.223289472460746874e-01 0.000000000000000000e+00 inf -inf
2.303859501481056449e-01 0.000000000000000000e+00 inf -inf
2.384429530501365746e-01 0.000000000000000000e+00 inf -inf
2.464999559521675043e-01 0.000000000000000000e+00 inf -inf
2.545569588541984896e-01 0.000000000000000000e+00 inf -inf
2.626139617562294193e-01 0.000000000000000000e+00 inf -inf
2.706709646582603490e-01 6.702479258744303656e-06 1.373159018198361458e+01 -5.173764521295375118e+00
2.787279675602913342e-01 1.543658219681503727e-03 8.292157332780677237e+00 -2.811448850203257077e+00
2.867849704623222640e-01 3.945008468267601626e-03 7.353861298691603210e+00 -2.403952060206666630e+00
2.948419733643531937e-01 1.589375466142407128e-02 5.960386156094685361e+00 -1.798773495107477860e+00
3.028989762663841234e-01 1.059894696138896364e-01 4.062972653657539013e+00 -9.747372811103033330e-01
3.109559791684150531e-01 1.968010496203076720e-01 3.444119081529092519e+00 -7.059725896288027158e-01
3.190129820704460384e-01 4.417376503971710555e-01 2.635596244850679781e+00 -3.548355831666041849e-01
3.270699849724769681e-01 7.507915515669795203e-01 2.105184347495116626e+00 -1.244806230092490029e-01
3.351269878745078978e-01 9.844696816231043313e-01 1.834209297674969763e+00 -6.797654138900437355e-03
3.431839907765388831e-01 1.646834223807633224e+00 1.319702327883645943e+00 2.166498837422344836e-01
3.512409936785698128e-01 2.270457965392516542e+00 9.985755625733098162e-01 3.561134659079541187e-01
3.592979965806007425e-01 2.348247240424287785e+00 9.648879258582693241e-01 3.707438206416576176e-01
3.673549994826317278e-01 3.528451187331576033e+00 5.576981030541414697e-01 5.475841137726531471e-01
3.754120023846626575e-01 4.449666367034785353e+00 3.257280009199758908e-01 6.483274490960549974e-01
3.834690052866935872e-01 3.924713167603397501e+00 4.512638503409924784e-01 5.938079224114700683e-01
3.915260081887245169e-01 4.672561228897881946e+00 2.768497562276903690e-01 6.695550010510316064e-01
3.995830110907555022e-01 3.797264851173280942e+00 4.842760890252166828e-01 5.794708893156383933e-01
4.076400139927864319e-01 2.992186834646827887e+00 7.225526176898664499e-01 4.759887077495190133e-01
4.156970168948173616e-01 3.433727047804493449e+00 5.849108464766883397e-01 5.357657694667921078e-01
4.237540197968483469e-01 3.829219900943976906e+00 4.758960193563612773e-01 5.831103073307870588e-01
4.318110226988792766e-01 4.135487175745704569e+00 3.989519814590276603e-01 6.165266784049537874e-01
4.398680256009102063e-01 4.990286267864494363e+00 2.110638441599614890e-01 6.981254596490187314e-01
4.479250285029411360e-01 5.043617630306969524e+00 2.004335121966467348e-01 7.027421541614862210e-01
4.559820314049721213e-01 3.981406581969870739e+00 4.369219511713251514e-01 6.000365300808693236e-01
4.640390343070030510e-01 4.051086643875643212e+00 4.195719683270928702e-01 6.075715318912354723e-01
4.720960372090339807e-01 3.127031248111265871e+00 6.784730491615487136e-01 4.951322211260436035e-01
4.801530401110649660e-01 2.259025309290170647e+00 1.003623679405928115e+00 3.539210966235450950e-01
4.882100430130958957e-01 1.849901941519940918e+00 1.203424487485783123e+00 2.671487081946533615e-01
4.962670459151268254e-01 1.217611177695972824e+00 1.621666232399158414e+00 8.550862627718709696e-02
5.043240488171577551e-01 7.715278864446305507e-01 2.077939582671508578e+00 -1.126483719856042481e-01
5.123810517191886849e-01 4.456185283433531374e-01 2.626849131158101702e+00 -3.510367599573370190e-01
5.204380546212197256e-01 1.978680568230409553e-01 3.438711970686248787e+00 -7.036243112267165367e-01
5.284950575232505443e-01 1.821313158912115926e-01 3.521584456774423000e+00 -7.396153746364145798e-01
5.365520604252815851e-01 1.932909558811294060e-01 3.462115802441940282e+00 -7.137884662136054770e-01
5.446090633273125148e-01 4.350587820451121135e-01 2.650831246472062475e+00 -3.614520603025576095e-01
5.526660662293434445e-01 5.313029835407926393e-01 2.450979950580150835e+00 -2.746577452954864773e-01
5.607230691313743742e-01 1.076114855792824399e+00 1.745199921242595043e+00 3.185862688332922327e-02
5.687800720334053040e-01 1.572205113641762297e+00 1.366077955676212596e+00 1.965092044971237240e-01
5.768370749354363447e-01 1.835029746478883173e+00 1.211496428597070185e+00 2.636431087117734329e-01
5.848940778374671634e-01 3.075738273596176686e+00 6.950121591713060987e-01 4.879493769132151049e-01
5.929510807394982042e-01 3.771623373815854663e+00 4.910516086762339860e-01 5.765283185191745208e-01
6.010080836415290229e-01 4.185589750841233858e+00 3.869095064210597013e-01 6.217566588624009460e-01
6.090650865435600636e-01 5.959521101764359230e+00 3.356699479150893062e-02 7.752113618849504340e-01
6.171220894455911044e-01 6.162959623899062933e+00 0.000000000000000000e+00 7.897893224969778636e-01
6.251790923476219231e-01 5.529208565186618074e+00 1.085124318981045555e-01 7.426629721057287359e-01
6.332360952496529638e-01 5.539850530898239533e+00 1.065896001744492949e-01 7.434980473129406686e-01
6.412930981516837825e-01 5.181685406350272416e+00 1.734267492154242252e-01 7.144710422983000520e-01
6.493501010537148233e-01 3.691435966214303921e+00 5.125415874988978882e-01 5.671953393002738819e-01
6.574071039557456420e-01 2.201983546028509764e+00 1.029198554599801474e+00 3.428140694514815179e-01
6.654641068577766827e-01 1.044674163842856274e+00 1.774852088726965649e+00 1.898085416839604550e-02
6.735211097598077234e-01 3.605936575160449964e-01 2.838560677651503106e+00 -4.429819163546251382e-01
6.815781126618385422e-01 7.839646205167691284e-02 4.364533600123308155e+00 -1.105703536117908614e+00
6.896351155638695829e-01 4.129218507623535345e-02 5.005639140843257451e+00 -1.384132134770183375e+00
6.976921184659004016e-01 9.677548969523873954e-04 8.759088828964761930e+00 -3.014234622422833798e+00
7.057491213679314424e-01 0.000000000000000000e+00 inf -inf
7.138061242699622611e-01 0.000000000000000000e+00 inf -inf
7.218631271719933018e-01 0.000000000000000000e+00 inf -inf
7.299201300740243425e-01 0.000000000000000000e+00 inf -inf
7.379771329760551613e-01 0.000000000000000000e+00 inf -inf
7.460341358780862020e-01 0.000000000000000000e+00 inf -inf
7.540911387801170207e-01 0.000000000000000000e+00 inf -inf
7.621481416821480614e-01 0.000000000000000000e+00 inf -inf
7.702051445841788802e-01 0.000000000000000000e+00 inf -inf
7.782621474862099209e-01 0.000000000000000000e+00 inf -inf
7.863191503882409616e-01 0.000000000000000000e+00 inf -inf
7.943761532902717803e-01 0.000000000000000000e+00 inf -inf
8.024331561923028211e-01 0.000000000000000000e+00 inf -inf
8.104901590943336398e-01 0.000000000000000000e+00 inf -inf
8.185471619963646805e-01 0.000000000000000000e+00 inf -inf
8.266041648983954993e-01 0.000000000000000000e+00 inf -inf
8.346611678004265400e-01 0.000000000000000000e+00 inf -inf
8.427181707024575807e-01 0.000000000000000000e+00 inf -inf
8.507751736044883994e-01 0.000000000000000000e+00 inf -inf
8.588321765065194402e-01 0.000000000000000000e+00 inf -inf
8.668891794085502589e-01 0.000000000000000000e+00 inf -inf
