# created by program: /home/aporutho/.conda/envs/westpa-2020.02/westpa-2020.03/lib/west_tools/plothist.py
# created by user:    aporutho
# created on host:    bhc0136
# created at:         Mon Aug  8 03:38:49 2022
# source data: /gpfs/fs2/scratch/aporutho/LipidPhase/Simulation/Weighted_Ensemble_3/Analysis/ClusterLipids2Total_AuxData/DPPC_DIPC_CHOL/323K/multi_west/silcoeffchol.h5 dimension 0
# column 0: midpoint of bin
# column 1: probability in bin
# column 2: -ln P
# column 3: log10 P
-1.979899999999999993e+00 2.053923898668849723e+00 3.378725308654170201e-01 3.125843482191645872e-01
-1.939699999999999980e+00 0.000000000000000000e+00 inf -inf
-1.899499999999999966e+00 0.000000000000000000e+00 inf -inf
-1.859299999999999953e+00 0.000000000000000000e+00 inf -inf
-1.819099999999999939e+00 0.000000000000000000e+00 inf -inf
-1.778899999999999926e+00 0.000000000000000000e+00 inf -inf
-1.738700000000000134e+00 0.000000000000000000e+00 inf -inf
-1.698500000000000121e+00 0.000000000000000000e+00 inf -inf
-1.658300000000000107e+00 0.000000000000000000e+00 inf -inf
-1.618100000000000094e+00 0.000000000000000000e+00 inf -inf
-1.577900000000000080e+00 0.000000000000000000e+00 inf -inf
-1.537700000000000067e+00 0.000000000000000000e+00 inf -inf
-1.497500000000000053e+00 0.000000000000000000e+00 inf -inf
-1.457300000000000040e+00 0.000000000000000000e+00 inf -inf
-1.417100000000000248e+00 0.000000000000000000e+00 inf -inf
-1.376900000000000235e+00 0.000000000000000000e+00 inf -inf
-1.336700000000000221e+00 0.000000000000000000e+00 inf -inf
-1.296500000000000208e+00 0.000000000000000000e+00 inf -inf
-1.256300000000000194e+00 0.000000000000000000e+00 inf -inf
-1.216100000000000181e+00 0.000000000000000000e+00 inf -inf
-1.175900000000000167e+00 0.000000000000000000e+00 inf -inf
-1.135700000000000154e+00 0.000000000000000000e+00 inf -inf
-1.095500000000000140e+00 0.000000000000000000e+00 inf -inf
-1.055300000000000127e+00 0.000000000000000000e+00 inf -inf
-1.015100000000000113e+00 0.000000000000000000e+00 inf -inf
-9.749000000000000998e-01 0.000000000000000000e+00 inf -inf
-9.347000000000001974e-01 0.000000000000000000e+00 inf -inf
-8.945000000000002949e-01 0.000000000000000000e+00 inf -inf
-8.543000000000002814e-01 0.000000000000000000e+00 inf -inf
-8.141000000000002679e-01 0.000000000000000000e+00 inf -inf
-7.739000000000002544e-01 0.000000000000000000e+00 inf -inf
-7.337000000000002409e-01 0.000000000000000000e+00 inf -inf
-6.935000000000002274e-01 0.000000000000000000e+00 inf -inf
-6.533000000000002139e-01 0.000000000000000000e+00 inf -inf
-6.131000000000002004e-01 0.000000000000000000e+00 inf -inf
-5.729000000000001869e-01 0.000000000000000000e+00 inf -inf
-5.327000000000001734e-01 0.000000000000000000e+00 inf -inf
-4.925000000000002709e-01 0.000000000000000000e+00 inf -inf
-4.523000000000003684e-01 0.000000000000000000e+00 inf -inf
-4.121000000000003549e-01 0.000000000000000000e+00 inf -inf
-3.719000000000003414e-01 0.000000000000000000e+00 inf -inf
-3.317000000000003279e-01 0.000000000000000000e+00 inf -inf
-2.915000000000003144e-01 0.000000000000000000e+00 inf -inf
-2.513000000000003009e-01 0.000000000000000000e+00 inf -inf
-2.111000000000002874e-01 0.000000000000000000e+00 inf -inf
-1.709000000000002739e-01 0.000000000000000000e+00 inf -inf
-1.307000000000002604e-01 0.000000000000000000e+00 inf -inf
-9.050000000000024691e-02 0.000000000000000000e+00 inf -inf
-5.030000000000034444e-02 0.000000000000000000e+00 inf -inf
-1.010000000000033094e-02 0.000000000000000000e+00 inf -inf
3.009999999999979359e-02 0.000000000000000000e+00 inf -inf
7.029999999999980709e-02 0.000000000000000000e+00 inf -inf
1.104999999999998206e-01 0.000000000000000000e+00 inf -inf
1.506999999999996120e-01 1.079061928456538270e-04 1.019187288441896300e+01 -3.966953630001833098e+00
1.908999999999994035e-01 0.000000000000000000e+00 inf -inf
2.310999999999994170e-01 9.299123964681463685e-04 8.038044764978025114e+00 -3.031557962760575986e+00
2.712999999999994305e-01 4.518712452843585796e-03 6.457152772660753826e+00 -2.344985294012146948e+00
3.114999999999994440e-01 1.047274996246840700e-02 5.616603228344045462e+00 -1.979939265149107674e+00
3.516999999999994575e-01 2.849281058904471614e-02 4.615728074942090586e+00 -1.545264708952567734e+00
3.918999999999994710e-01 1.284814934566182176e-01 3.109594996189688487e+00 -8.911594238384437094e-01
4.320999999999994845e-01 4.646861525207076626e-01 1.824017633463681509e+00 -3.328402691468036467e-01
4.722999999999994980e-01 1.111636491720471298e+00 9.517913449266857118e-01 4.596279493576711089e-02
5.124999999999995115e-01 1.964514876747132321e+00 3.823792585998220250e-01 2.932553219565420810e-01
5.526999999999995250e-01 2.689987708956304679e+00 6.808796693604124428e-02 4.297502956363675741e-01
5.928999999999995385e-01 2.879522815559663051e+00 0.000000000000000000e+00 4.593205239607013324e-01
6.330999999999995520e-01 2.707720942049546498e+00 6.151729110277448509e-02 4.326039038931303038e-01
6.732999999999995655e-01 2.329865366413394590e+00 2.118141081251934121e-01 3.673308256126710525e-01
7.134999999999995790e-01 2.063926447607502990e+00 3.330143802428588984e-01 3.146942162267963861e-01
7.536999999999995925e-01 2.009562808883344598e+00 3.597074009836770392e-01 3.031015846137300462e-01
7.938999999999996060e-01 1.669975067343964170e+00 5.448158947950643149e-01 2.227099871980223189e-01
8.340999999999996195e-01 1.415881091266395497e+00 7.098725747270563380e-01 1.510267819022869662e-01
8.742999999999996330e-01 6.689215092527350803e-01 1.459713142596918090e+00 -1.746248390307947040e-01
9.144999999999996465e-01 3.528575954351254734e-02 4.401900400178753614e+00 -1.452400529724647393e+00
9.546999999999996600e-01 0.000000000000000000e+00 inf -inf
9.948999999999994515e-01 0.000000000000000000e+00 inf -inf
1.035099999999999243e+00 0.000000000000000000e+00 inf -inf
1.075299999999999256e+00 0.000000000000000000e+00 inf -inf
1.115499999999999270e+00 0.000000000000000000e+00 inf -inf
1.155699999999999283e+00 0.000000000000000000e+00 inf -inf
1.195899999999999297e+00 0.000000000000000000e+00 inf -inf
1.236099999999999310e+00 0.000000000000000000e+00 inf -inf
1.276299999999999324e+00 0.000000000000000000e+00 inf -inf
1.316499999999999337e+00 0.000000000000000000e+00 inf -inf
1.356699999999999351e+00 0.000000000000000000e+00 inf -inf
1.396899999999999364e+00 0.000000000000000000e+00 inf -inf
1.437099999999999378e+00 0.000000000000000000e+00 inf -inf
1.477299999999999391e+00 0.000000000000000000e+00 inf -inf
1.517499999999999405e+00 0.000000000000000000e+00 inf -inf
1.557699999999999418e+00 0.000000000000000000e+00 inf -inf
1.597899999999999432e+00 0.000000000000000000e+00 inf -inf
1.638099999999999445e+00 0.000000000000000000e+00 inf -inf
1.678299999999999459e+00 0.000000000000000000e+00 inf -inf
1.718499999999999472e+00 0.000000000000000000e+00 inf -inf
1.758699999999999486e+00 0.000000000000000000e+00 inf -inf
1.798899999999999499e+00 0.000000000000000000e+00 inf -inf
1.839099999999999513e+00 0.000000000000000000e+00 inf -inf
1.879299999999999304e+00 0.000000000000000000e+00 inf -inf
1.919499999999999096e+00 0.000000000000000000e+00 inf -inf
1.959699999999999109e+00 0.000000000000000000e+00 inf -inf
1.999899999999999567e+00 6.372073689634251137e-01 1.508284727790759394e+00 -1.957192104577737679e-01
