# created by program: /home/aporutho/.conda/envs/westpa-2020.05/westpa-2020.05/lib/west_tools/plothist.py
# created by user:    aporutho
# created on host:    bluehive
# created at:         Fri Oct 28 11:06:03 2022
# source data: /gpfs/fs2/scratch/aporutho/LipidPhase/Simulation/Weighted_Ensemble_3/Analysis/ClusterLipids2Total_AuxData/DPPC_DAPC_CHOL/298K/multi_west/clusbydppc.h5 dimension 0
# column 0: midpoint of bin
# column 1: probability in bin
# column 2: -ln P
# column 3: log10 P
2.819108509868383308e-02 0.000000000000000000e+00 inf -inf
3.790658843070268680e-02 0.000000000000000000e+00 inf -inf
4.762209176272153704e-02 0.000000000000000000e+00 inf -inf
5.733759509474038729e-02 0.000000000000000000e+00 inf -inf
6.705309842675924448e-02 0.000000000000000000e+00 inf -inf
7.676860175877808778e-02 0.000000000000000000e+00 inf -inf
8.648410509079694497e-02 0.000000000000000000e+00 inf -inf
9.619960842281580216e-02 0.000000000000000000e+00 inf -inf
1.059151117548346455e-01 0.000000000000000000e+00 inf -inf
1.156306150868535026e-01 0.000000000000000000e+00 inf -inf
1.253461184188723321e-01 0.000000000000000000e+00 inf -inf
1.350616217508912031e-01 0.000000000000000000e+00 inf -inf
1.447771250829100742e-01 0.000000000000000000e+00 inf -inf
1.544926284149288898e-01 0.000000000000000000e+00 inf -inf
1.642081317469477608e-01 0.000000000000000000e+00 inf -inf
1.739236350789666319e-01 0.000000000000000000e+00 inf -inf
1.836391384109854474e-01 0.000000000000000000e+00 inf -inf
1.933546417430043185e-01 0.000000000000000000e+00 inf -inf
2.030701450750231896e-01 0.000000000000000000e+00 inf -inf
2.127856484070420051e-01 0.000000000000000000e+00 inf -inf
2.225011517390608762e-01 0.000000000000000000e+00 inf -inf
2.322166550710797472e-01 0.000000000000000000e+00 inf -inf
2.419321584030985628e-01 0.000000000000000000e+00 inf -inf
2.516476617351174339e-01 0.000000000000000000e+00 inf -inf
2.613631650671363049e-01 0.000000000000000000e+00 inf -inf
2.710786683991551760e-01 0.000000000000000000e+00 inf -inf
2.807941717311739915e-01 0.000000000000000000e+00 inf -inf
2.905096750631928071e-01 0.000000000000000000e+00 inf -inf
3.002251783952116782e-01 0.000000000000000000e+00 inf -inf
3.099406817272305492e-01 0.000000000000000000e+00 inf -inf
3.196561850592494203e-01 0.000000000000000000e+00 inf -inf
3.293716883912682358e-01 0.000000000000000000e+00 inf -inf
3.390871917232871069e-01 0.000000000000000000e+00 inf -inf
3.488026950553059224e-01 0.000000000000000000e+00 inf -inf
3.585181983873247935e-01 0.000000000000000000e+00 inf -inf
3.682337017193436646e-01 0.000000000000000000e+00 inf -inf
3.779492050513625356e-01 0.000000000000000000e+00 inf -inf
3.876647083833813512e-01 0.000000000000000000e+00 inf -inf
3.973802117154002222e-01 0.000000000000000000e+00 inf -inf
4.070957150474190378e-01 0.000000000000000000e+00 inf -inf
4.168112183794379089e-01 0.000000000000000000e+00 inf -inf
4.265267217114567799e-01 0.000000000000000000e+00 inf -inf
4.362422250434756510e-01 0.000000000000000000e+00 inf -inf
4.459577283754944665e-01 0.000000000000000000e+00 inf -inf
4.556732317075133376e-01 0.000000000000000000e+00 inf -inf
4.653887350395321532e-01 0.000000000000000000e+00 inf -inf
4.751042383715510242e-01 0.000000000000000000e+00 inf -inf
4.848197417035698953e-01 0.000000000000000000e+00 inf -inf
4.945352450355887663e-01 0.000000000000000000e+00 inf -inf
5.042507483676076374e-01 0.000000000000000000e+00 inf -inf
5.139662516996263975e-01 0.000000000000000000e+00 inf -inf
5.236817550316452685e-01 0.000000000000000000e+00 inf -inf
5.333972583636641396e-01 0.000000000000000000e+00 inf -inf
5.431127616956830106e-01 0.000000000000000000e+00 inf -inf
5.528282650277018817e-01 0.000000000000000000e+00 inf -inf
5.625437683597207528e-01 0.000000000000000000e+00 inf -inf
5.722592716917395128e-01 0.000000000000000000e+00 inf -inf
5.819747750237583839e-01 3.659697525006252398e-04 9.944681900932261343e+00 -3.436554807679128132e+00
5.916902783557772549e-01 1.020907950336288113e-03 8.918784929756958135e+00 -2.991013414096434619e+00
6.014057816877961260e-01 1.094628552685330582e-02 6.546477131073402234e+00 -1.960733227752115448e+00
6.111212850198149971e-01 3.113154090809522323e-02 5.501255826131215443e+00 -1.506799382648007724e+00
6.208367883518337571e-01 1.602421440812299910e-02 6.165376329784387543e+00 -1.795223252703388672e+00
6.305522916838526282e-01 4.516193574370533370e-02 5.129222706011576705e+00 -1.345227451494798832e+00
6.402677950158714992e-01 9.385290268585554097e-02 4.397748616949657574e+00 -1.027552290959999670e+00
6.499832983478903703e-01 8.071707974263860053e-02 4.548527110722942801e+00 -1.093034558795421329e+00
6.596988016799092414e-01 2.234876677591482730e-01 3.530121073775563723e+00 -6.507464366122155397e-01
6.694143050119281124e-01 3.368309070787499637e-01 3.119896263476671372e+00 -4.725880651595982251e-01
6.791298083439468725e-01 5.795806407737862376e-01 2.577172499618128665e+00 -2.368861293180695993e-01
6.888453116759657435e-01 8.090066507035600374e-01 2.243670170576330225e+00 -9.204790811333400657e-02
6.985608150079846146e-01 1.308039774142604195e+00 1.763192368574694413e+00 1.166209499729796567e-01
7.082763183400034857e-01 1.334159753965183492e+00 1.743420333593889371e+00 1.252078356611414645e-01
7.179918216720223567e-01 2.035666810061102616e+00 1.320898593499376439e+00 3.087066958683483131e-01
7.277073250040411168e-01 2.647775254124571820e+00 1.058002268860532169e+00 4.228811189716442653e-01
7.374228283360599878e-01 3.229460562515616751e+00 8.594069147352876303e-01 5.091299853998602076e-01
7.471383316680788589e-01 3.796038878775882530e+00 6.977639067801459927e-01 5.793306517930216781e-01
7.568538350000977299e-01 4.212293617608223961e+00 5.937147278876377943e-01 6.245186360326022701e-01
7.665693383321166010e-01 3.690912565962631398e+00 7.258482941874395689e-01 5.671337573144008548e-01
7.762848416641354721e-01 4.787781007832271563e+00 4.656549805761143190e-01 6.801342776439216475e-01
7.860003449961543431e-01 4.713403367926622067e+00 4.813117989987545364e-01 6.733346077988078271e-01
7.957158483281731032e-01 4.308629925984238440e+00 5.711020585352746259e-01 6.343391935534363757e-01
8.054313516601919742e-01 3.967761263981549380e+00 6.535200072278919414e-01 5.985455332264473238e-01
8.151468549922108453e-01 3.791909816085973439e+00 6.988522280810685050e-01 5.788579998574931995e-01
8.248623583242297164e-01 2.871624004993911239e+00 9.768443043789742930e-01 4.581275751084850079e-01
8.345778616562485874e-01 2.977106348662065471e+00 9.407702246840290439e-01 4.737943488597378128e-01
8.442933649882673475e-01 2.977628856878702379e+00 9.405947313329590109e-01 4.738705646537182958e-01
8.540088683202862185e-01 3.049346395576323143e+00 9.167947583910973641e-01 4.842067615718154139e-01
8.637243716523050896e-01 3.149797867646292104e+00 8.843837477358356125e-01 4.982826846523031317e-01
8.734398749843239607e-01 3.262389318779122860e+00 8.492621827183750582e-01 5.135357865351926066e-01
8.831553783163428317e-01 4.653558498574298596e+00 4.940898340720578652e-01 6.677851776769060388e-01
8.928708816483617028e-01 6.231957517919775924e+00 2.020315377331882711e-01 7.946244841709417805e-01
9.025863849803805739e-01 7.140703351542063260e+00 6.591074939410757061e-02 8.537409914189250104e-01
9.123018883123993339e-01 7.627209336040652765e+00 0.000000000000000000e+00 8.823656661788941147e-01
9.220173916444182050e-01 6.232384700299158808e+00 2.019629930202671009e-01 7.946542527615271245e-01
9.317328949764370760e-01 3.590067247118106764e+00 7.535510954007587081e-01 5.551025836141937342e-01
9.414483983084559471e-01 2.157897790513768843e+00 1.262587526860278864e+00 3.340308703436011273e-01
9.511639016404748181e-01 7.741129895520068027e-01 2.287759464226587713e+00 -1.111956450566528032e-01
9.608794049724935782e-01 1.686083841944173989e-01 3.811898535846060199e+00 -7.731208335141348531e-01
9.705949083045124492e-01 1.192322130819028873e-02 6.460989439391845224e+00 -1.923606394984169077e+00
9.803104116365313203e-01 0.000000000000000000e+00 inf -inf
9.900259149685501914e-01 0.000000000000000000e+00 inf -inf
