# created by program: /home/aporutho/.conda/envs/westpa-2020.05/westpa-2020.05/lib/west_tools/plothist.py
# created by user:    aporutho
# created on host:    bluehive
# created at:         Fri Oct 28 11:07:47 2022
# source data: /gpfs/fs2/scratch/aporutho/LipidPhase/Simulation/Weighted_Ensemble_3/Analysis/ClusterLipids2Total_AuxData/DPPC_DAPC_CHOL/298K/multi_west/silcoeffchol.h5 dimension 0
# column 0: midpoint of bin
# column 1: probability in bin
# column 2: -ln P
# column 3: log10 P
-1.979899999999999993e+00 2.150208323211924721e+01 0.000000000000000000e+00 1.332480538631175326e+00
-1.939699999999999980e+00 0.000000000000000000e+00 inf -inf
-1.899499999999999966e+00 0.000000000000000000e+00 inf -inf
-1.859299999999999953e+00 0.000000000000000000e+00 inf -inf
-1.819099999999999939e+00 0.000000000000000000e+00 inf -inf
-1.778899999999999926e+00 0.000000000000000000e+00 inf -inf
-1.738700000000000134e+00 0.000000000000000000e+00 inf -inf
-1.698500000000000121e+00 0.000000000000000000e+00 inf -inf
-1.658300000000000107e+00 0.000000000000000000e+00 inf -inf
-1.618100000000000094e+00 0.000000000000000000e+00 inf -inf
-1.577900000000000080e+00 0.000000000000000000e+00 inf -inf
-1.537700000000000067e+00 0.000000000000000000e+00 inf -inf
-1.497500000000000053e+00 0.000000000000000000e+00 inf -inf
-1.457300000000000040e+00 0.000000000000000000e+00 inf -inf
-1.417100000000000248e+00 0.000000000000000000e+00 inf -inf
-1.376900000000000235e+00 0.000000000000000000e+00 inf -inf
-1.336700000000000221e+00 0.000000000000000000e+00 inf -inf
-1.296500000000000208e+00 0.000000000000000000e+00 inf -inf
-1.256300000000000194e+00 0.000000000000000000e+00 inf -inf
-1.216100000000000181e+00 0.000000000000000000e+00 inf -inf
-1.175900000000000167e+00 0.000000000000000000e+00 inf -inf
-1.135700000000000154e+00 0.000000000000000000e+00 inf -inf
-1.095500000000000140e+00 0.000000000000000000e+00 inf -inf
-1.055300000000000127e+00 0.000000000000000000e+00 inf -inf
-1.015100000000000113e+00 0.000000000000000000e+00 inf -inf
-9.749000000000000998e-01 0.000000000000000000e+00 inf -inf
-9.347000000000001974e-01 0.000000000000000000e+00 inf -inf
-8.945000000000002949e-01 0.000000000000000000e+00 inf -inf
-8.543000000000002814e-01 0.000000000000000000e+00 inf -inf
-8.141000000000002679e-01 0.000000000000000000e+00 inf -inf
-7.739000000000002544e-01 0.000000000000000000e+00 inf -inf
-7.337000000000002409e-01 0.000000000000000000e+00 inf -inf
-6.935000000000002274e-01 0.000000000000000000e+00 inf -inf
-6.533000000000002139e-01 0.000000000000000000e+00 inf -inf
-6.131000000000002004e-01 0.000000000000000000e+00 inf -inf
-5.729000000000001869e-01 0.000000000000000000e+00 inf -inf
-5.327000000000001734e-01 0.000000000000000000e+00 inf -inf
-4.925000000000002709e-01 0.000000000000000000e+00 inf -inf
-4.523000000000003684e-01 0.000000000000000000e+00 inf -inf
-4.121000000000003549e-01 0.000000000000000000e+00 inf -inf
-3.719000000000003414e-01 0.000000000000000000e+00 inf -inf
-3.317000000000003279e-01 0.000000000000000000e+00 inf -inf
-2.915000000000003144e-01 0.000000000000000000e+00 inf -inf
-2.513000000000003009e-01 0.000000000000000000e+00 inf -inf
-2.111000000000002874e-01 0.000000000000000000e+00 inf -inf
-1.709000000000002739e-01 0.000000000000000000e+00 inf -inf
-1.307000000000002604e-01 0.000000000000000000e+00 inf -inf
-9.050000000000024691e-02 0.000000000000000000e+00 inf -inf
-5.030000000000034444e-02 0.000000000000000000e+00 inf -inf
-1.010000000000033094e-02 0.000000000000000000e+00 inf -inf
3.009999999999979359e-02 0.000000000000000000e+00 inf -inf
7.029999999999980709e-02 0.000000000000000000e+00 inf -inf
1.104999999999998206e-01 0.000000000000000000e+00 inf -inf
1.506999999999996120e-01 0.000000000000000000e+00 inf -inf
1.908999999999994035e-01 0.000000000000000000e+00 inf -inf
2.310999999999994170e-01 0.000000000000000000e+00 inf -inf
2.712999999999994305e-01 0.000000000000000000e+00 inf -inf
3.114999999999994440e-01 0.000000000000000000e+00 inf -inf
3.516999999999994575e-01 7.922927603219842964e-04 1.020872941253805166e+01 -3.101114312477525559e+00
3.918999999999994710e-01 2.424399874410209429e-03 9.090321084646387106e+00 -2.615395747159533713e+00
4.320999999999994845e-01 1.294739880971480621e-02 7.415010200083996139e+00 -1.887817474521631400e+00
4.722999999999994980e-01 2.005685221749961208e-02 6.977334252088054356e+00 -1.697737225445218989e+00
5.124999999999995115e-01 1.783217614950678709e-02 7.094900629623180244e+00 -1.748795654466078986e+00
5.526999999999995250e-01 4.028707549082573974e-02 6.279874393847623359e+00 -1.394834257662375787e+00
5.928999999999995385e-01 5.836609975683107465e-02 5.909169866266525517e+00 -1.233839326917353318e+00
6.330999999999995520e-01 1.033539968383185986e-01 5.337745145716008111e+00 -9.856727239591560608e-01
6.732999999999995655e-01 1.436873519197918170e-01 5.008265331987351132e+00 -8.425814589582886205e-01
7.134999999999995790e-01 1.819936223924656649e-01 4.771933459275780720e+00 -7.399438307417918192e-01
7.536999999999995925e-01 1.630500427960989984e-01 4.881847939231422906e+00 -7.876790828677929790e-01
7.938999999999996060e-01 2.071915947280059123e-01 4.642261160360979133e+00 -6.836278668673847481e-01
8.340999999999996195e-01 1.518419103903141665e-01 4.953065187555367288e+00 -8.186083408312156973e-01
8.742999999999996330e-01 2.552595601709741618e-02 6.736209286442804256e+00 -1.593017983416376016e+00
9.144999999999996465e-01 4.720183416865508043e-05 1.302922763157919306e+01 -4.326041125225042805e+00
9.546999999999996600e-01 0.000000000000000000e+00 inf -inf
9.948999999999994515e-01 0.000000000000000000e+00 inf -inf
1.035099999999999243e+00 0.000000000000000000e+00 inf -inf
1.075299999999999256e+00 0.000000000000000000e+00 inf -inf
1.115499999999999270e+00 0.000000000000000000e+00 inf -inf
1.155699999999999283e+00 0.000000000000000000e+00 inf -inf
1.195899999999999297e+00 0.000000000000000000e+00 inf -inf
1.236099999999999310e+00 0.000000000000000000e+00 inf -inf
1.276299999999999324e+00 0.000000000000000000e+00 inf -inf
1.316499999999999337e+00 0.000000000000000000e+00 inf -inf
1.356699999999999351e+00 0.000000000000000000e+00 inf -inf
1.396899999999999364e+00 0.000000000000000000e+00 inf -inf
1.437099999999999378e+00 0.000000000000000000e+00 inf -inf
1.477299999999999391e+00 0.000000000000000000e+00 inf -inf
1.517499999999999405e+00 0.000000000000000000e+00 inf -inf
1.557699999999999418e+00 0.000000000000000000e+00 inf -inf
1.597899999999999432e+00 0.000000000000000000e+00 inf -inf
1.638099999999999445e+00 0.000000000000000000e+00 inf -inf
1.678299999999999459e+00 0.000000000000000000e+00 inf -inf
1.718499999999999472e+00 0.000000000000000000e+00 inf -inf
1.758699999999999486e+00 0.000000000000000000e+00 inf -inf
1.798899999999999499e+00 0.000000000000000000e+00 inf -inf
1.839099999999999513e+00 0.000000000000000000e+00 inf -inf
1.879299999999999304e+00 0.000000000000000000e+00 inf -inf
1.919499999999999096e+00 0.000000000000000000e+00 inf -inf
1.959699999999999109e+00 0.000000000000000000e+00 inf -inf
1.999899999999999567e+00 2.244140686452589684e+00 2.259827144764000373e+00 3.510500796049891292e-01
