# created by program: /home/aporutho/.conda/envs/westpa-2020.05/westpa-2020.05/lib/west_tools/plothist.py
# created by user:    aporutho
# created on host:    bhc0064
# created at:         Tue Dec 13 13:57:53 2022
# source data: /gpfs/fs2/scratch/aporutho/LipidPhase/Simulation/Weighted_Ensemble_3/Analysis/ClusterLipids2Total/DPPC_DAPC_CHOL/343K/multi_west/pdist.h5 dimension 0
# column 0: midpoint of bin
# column 1: probability in bin
# column 2: -ln P
# column 3: log10 P
5.000000000000000104e-03 0.000000000000000000e+00 inf -inf
1.499999999999999944e-02 0.000000000000000000e+00 inf -inf
2.500000000000000139e-02 0.000000000000000000e+00 inf -inf
3.500000000000000333e-02 0.000000000000000000e+00 inf -inf
4.499999999999999833e-02 0.000000000000000000e+00 inf -inf
5.500000000000000028e-02 0.000000000000000000e+00 inf -inf
6.500000000000000222e-02 0.000000000000000000e+00 inf -inf
7.500000000000001110e-02 0.000000000000000000e+00 inf -inf
8.499999999999999223e-02 0.000000000000000000e+00 inf -inf
9.500000000000000111e-02 0.000000000000000000e+00 inf -inf
1.050000000000000100e-01 0.000000000000000000e+00 inf -inf
1.149999999999999911e-01 0.000000000000000000e+00 inf -inf
1.250000000000000000e-01 0.000000000000000000e+00 inf -inf
1.350000000000000089e-01 0.000000000000000000e+00 inf -inf
1.450000000000000178e-01 0.000000000000000000e+00 inf -inf
1.549999999999999989e-01 0.000000000000000000e+00 inf -inf
1.650000000000000078e-01 0.000000000000000000e+00 inf -inf
1.749999999999999889e-01 0.000000000000000000e+00 inf -inf
1.849999999999999978e-01 0.000000000000000000e+00 inf -inf
1.950000000000000067e-01 0.000000000000000000e+00 inf -inf
2.050000000000000155e-01 0.000000000000000000e+00 inf -inf
2.149999999999999967e-01 0.000000000000000000e+00 inf -inf
2.250000000000000056e-01 0.000000000000000000e+00 inf -inf
2.349999999999999867e-01 0.000000000000000000e+00 inf -inf
2.449999999999999956e-01 0.000000000000000000e+00 inf -inf
2.550000000000000044e-01 0.000000000000000000e+00 inf -inf
2.650000000000000133e-01 0.000000000000000000e+00 inf -inf
2.750000000000000222e-01 0.000000000000000000e+00 inf -inf
2.850000000000000311e-01 0.000000000000000000e+00 inf -inf
2.949999999999999845e-01 0.000000000000000000e+00 inf -inf
3.049999999999999933e-01 0.000000000000000000e+00 inf -inf
3.150000000000000022e-01 0.000000000000000000e+00 inf -inf
3.250000000000000111e-01 0.000000000000000000e+00 inf -inf
3.350000000000000200e-01 0.000000000000000000e+00 inf -inf
3.450000000000000289e-01 0.000000000000000000e+00 inf -inf
3.549999999999999822e-01 0.000000000000000000e+00 inf -inf
3.649999999999999911e-01 0.000000000000000000e+00 inf -inf
3.750000000000000000e-01 0.000000000000000000e+00 inf -inf
3.850000000000000089e-01 0.000000000000000000e+00 inf -inf
3.950000000000000178e-01 0.000000000000000000e+00 inf -inf
4.050000000000000266e-01 0.000000000000000000e+00 inf -inf
4.150000000000000355e-01 0.000000000000000000e+00 inf -inf
4.249999999999999889e-01 0.000000000000000000e+00 inf -inf
4.349999999999999978e-01 0.000000000000000000e+00 inf -inf
4.450000000000000067e-01 8.332491431309324779e-06 1.448696114416615899e+01 -5.079225124272531922e+00
4.550000000000000155e-01 1.845198661493102944e-05 1.369195160672371969e+01 -4.733956869100824250e+00
4.650000000000000244e-01 1.655653762108926842e-04 1.149775750778105810e+01 -3.781030479705348224e+00
4.749999999999999778e-01 3.765183282933529541e-04 1.067615692023855445e+01 -3.424213878207169159e+00
4.849999999999999867e-01 1.217075256461270160e-03 9.502917718260144753e+00 -2.914682566835371524e+00
4.949999999999999956e-01 2.767509574766678290e-03 8.681420522725908029e+00 -2.557910867915855313e+00
5.050000000000000044e-01 8.005007471562934282e-03 7.619301088227277141e+00 -2.096638258390897569e+00
5.150000000000000133e-01 2.369374962427658188e-02 6.534157083612517347e+00 -1.625366205116310914e+00
5.250000000000000222e-01 5.851021881381290868e-02 5.630166948476601263e+00 -1.232768277731807416e+00
5.350000000000000311e-01 9.901538562273164146e-02 5.104093119647256316e+00 -1.004297316797507333e+00
5.450000000000000400e-01 1.456588430002421497e-01 4.718101172432943358e+00 -8.366631440632398276e-01
5.550000000000000488e-01 2.832020322034981552e-01 4.053207830383906085e+00 -5.479036345571317579e-01
5.650000000000000577e-01 4.218843738800224230e-01 3.654637087090130798e+00 -3.748065600965674316e-01
5.749999999999999556e-01 6.989903770273175887e-01 3.149731392669134600e+00 -1.555288031279992711e-01
5.849999999999999645e-01 1.053424460248622463e+00 2.739566840972449402e+00 2.260339834619213076e-02
5.949999999999999734e-01 1.507817228236535856e+00 2.380950028249778860e+00 1.783487012293799023e-01
6.049999999999999822e-01 1.925639741235037450e+00 2.136354843416955696e+00 2.845750403023808994e-01
6.149999999999999911e-01 2.702900798492908319e+00 1.797287522955134165e+00 4.318301065726714016e-01
6.250000000000000000e-01 3.437004468242510047e+00 1.557012791147082353e+00 5.361800967376921800e-01
6.350000000000000089e-01 3.925424112771418894e+00 1.424138689449182760e+00 5.938865858929414099e-01
6.450000000000000178e-01 4.522422270899665087e+00 1.282565338113206721e+00 6.553711111627061880e-01
6.550000000000000266e-01 5.071817534927406612e+00 1.167913847542468186e+00 7.051636208595606359e-01
6.650000000000000355e-01 4.462800492560437426e+00 1.295836606948246983e+00 6.496074723397936568e-01
6.750000000000000444e-01 4.663112705038006567e+00 1.251929901450962834e+00 6.686759122558152413e-01
6.850000000000000533e-01 4.105925668137342832e+00 1.379181873852588724e+00 6.134110828304842888e-01
6.950000000000000622e-01 3.147370603817057688e+00 1.645045713745022731e+00 4.979478842275905648e-01
7.050000000000000711e-01 2.096803133731338864e+00 2.051199221499056868e+00 3.215576570043640059e-01
7.149999999999999689e-01 1.161494088282658987e+00 2.641905905566533264e+00 6.501700369049141781e-02
7.249999999999999778e-01 3.897621639558893070e-01 3.733831650949996472e+00 -4.092003221776419064e-01
7.349999999999999867e-01 1.014823808894499413e+00 2.776898078925725155e+00 6.390647700467227792e-03
7.449999999999999956e-01 3.635412737897857127e+00 1.500890439014243682e+00 5.605537245804151913e-01
7.550000000000000044e-01 7.664873897089576005e+00 7.549650286491340623e-01 8.845050142134009974e-01
7.650000000000000133e-01 1.566857370345007006e+01 3.995605766929477554e-02 1.195029464821267595e+00
7.750000000000000222e-01 1.630730373010059253e+01 0.000000000000000000e+00 1.212382160185650148e+00
7.850000000000000311e-01 8.052478908657443313e+00 7.056331060647393905e-01 9.059295959734819936e-01
7.950000000000000400e-01 1.618247817456374360e+00 2.310269119318911990e+00 2.090450299539616252e-01
8.050000000000000488e-01 1.197570904622684146e-01 4.913902922958521380e+00 -9.216987638634954738e-01
8.150000000000000577e-01 1.208903482411161469e-03 9.509654632171354649e+00 -2.917608371372066411e+00
8.250000000000000666e-01 8.649127478407985805e-05 1.214708010771772351e+01 -4.063027701832914396e+00
8.349999999999999645e-01 0.000000000000000000e+00 inf -inf
8.449999999999999734e-01 0.000000000000000000e+00 inf -inf
8.549999999999999822e-01 0.000000000000000000e+00 inf -inf
8.649999999999999911e-01 0.000000000000000000e+00 inf -inf
8.750000000000000000e-01 0.000000000000000000e+00 inf -inf
8.850000000000000089e-01 0.000000000000000000e+00 inf -inf
8.950000000000000178e-01 0.000000000000000000e+00 inf -inf
9.050000000000000266e-01 0.000000000000000000e+00 inf -inf
9.150000000000000355e-01 0.000000000000000000e+00 inf -inf
9.250000000000000444e-01 0.000000000000000000e+00 inf -inf
9.350000000000000533e-01 0.000000000000000000e+00 inf -inf
9.450000000000000622e-01 0.000000000000000000e+00 inf -inf
9.550000000000000711e-01 0.000000000000000000e+00 inf -inf
9.649999999999999689e-01 0.000000000000000000e+00 inf -inf
9.749999999999999778e-01 0.000000000000000000e+00 inf -inf
9.849999999999999867e-01 0.000000000000000000e+00 inf -inf
9.949999999999999956e-01 0.000000000000000000e+00 inf -inf
