# created by program: /home/aporutho/.conda/envs/westpa-2020.05/westpa-2020.05/lib/west_tools/plothist.py
# created by user:    aporutho
# created on host:    bhc0064
# created at:         Tue Dec 13 13:58:35 2022
# source data: /gpfs/fs2/scratch/aporutho/LipidPhase/Simulation/Weighted_Ensemble_3/Analysis/ClusterLipids2Total/DPPC_DAPC_CHOL/343K/multi_west/pdist.h5 dimension 0
# column 0: midpoint of bin
# column 1: probability in bin
# column 2: -ln P
# column 3: log10 P
5.000000000000000104e-03 0.000000000000000000e+00 inf -inf
1.499999999999999944e-02 0.000000000000000000e+00 inf -inf
2.500000000000000139e-02 0.000000000000000000e+00 inf -inf
3.500000000000000333e-02 0.000000000000000000e+00 inf -inf
4.499999999999999833e-02 0.000000000000000000e+00 inf -inf
5.500000000000000028e-02 0.000000000000000000e+00 inf -inf
6.500000000000000222e-02 0.000000000000000000e+00 inf -inf
7.500000000000001110e-02 0.000000000000000000e+00 inf -inf
8.499999999999999223e-02 0.000000000000000000e+00 inf -inf
9.500000000000000111e-02 0.000000000000000000e+00 inf -inf
1.050000000000000100e-01 0.000000000000000000e+00 inf -inf
1.149999999999999911e-01 0.000000000000000000e+00 inf -inf
1.250000000000000000e-01 0.000000000000000000e+00 inf -inf
1.350000000000000089e-01 0.000000000000000000e+00 inf -inf
1.450000000000000178e-01 0.000000000000000000e+00 inf -inf
1.549999999999999989e-01 0.000000000000000000e+00 inf -inf
1.650000000000000078e-01 0.000000000000000000e+00 inf -inf
1.749999999999999889e-01 0.000000000000000000e+00 inf -inf
1.849999999999999978e-01 0.000000000000000000e+00 inf -inf
1.950000000000000067e-01 0.000000000000000000e+00 inf -inf
2.050000000000000155e-01 0.000000000000000000e+00 inf -inf
2.149999999999999967e-01 0.000000000000000000e+00 inf -inf
2.250000000000000056e-01 0.000000000000000000e+00 inf -inf
2.349999999999999867e-01 0.000000000000000000e+00 inf -inf
2.449999999999999956e-01 0.000000000000000000e+00 inf -inf
2.550000000000000044e-01 0.000000000000000000e+00 inf -inf
2.650000000000000133e-01 0.000000000000000000e+00 inf -inf
2.750000000000000222e-01 0.000000000000000000e+00 inf -inf
2.850000000000000311e-01 0.000000000000000000e+00 inf -inf
2.949999999999999845e-01 0.000000000000000000e+00 inf -inf
3.049999999999999933e-01 0.000000000000000000e+00 inf -inf
3.150000000000000022e-01 0.000000000000000000e+00 inf -inf
3.250000000000000111e-01 0.000000000000000000e+00 inf -inf
3.350000000000000200e-01 0.000000000000000000e+00 inf -inf
3.450000000000000289e-01 0.000000000000000000e+00 inf -inf
3.549999999999999822e-01 0.000000000000000000e+00 inf -inf
3.649999999999999911e-01 0.000000000000000000e+00 inf -inf
3.750000000000000000e-01 0.000000000000000000e+00 inf -inf
3.850000000000000089e-01 0.000000000000000000e+00 inf -inf
3.950000000000000178e-01 0.000000000000000000e+00 inf -inf
4.050000000000000266e-01 0.000000000000000000e+00 inf -inf
4.150000000000000355e-01 0.000000000000000000e+00 inf -inf
4.249999999999999889e-01 0.000000000000000000e+00 inf -inf
4.349999999999999978e-01 0.000000000000000000e+00 inf -inf
4.450000000000000067e-01 0.000000000000000000e+00 inf -inf
4.550000000000000155e-01 0.000000000000000000e+00 inf -inf
4.650000000000000244e-01 0.000000000000000000e+00 inf -inf
4.749999999999999778e-01 0.000000000000000000e+00 inf -inf
4.849999999999999867e-01 0.000000000000000000e+00 inf -inf
4.949999999999999956e-01 0.000000000000000000e+00 inf -inf
5.050000000000000044e-01 0.000000000000000000e+00 inf -inf
5.150000000000000133e-01 0.000000000000000000e+00 inf -inf
5.250000000000000222e-01 7.943658283036551587e-04 9.654562062049521387e+00 -3.099979446408896333e+00
5.350000000000000311e-01 9.502033621010002760e-04 9.475430131069398243e+00 -3.022183437251554583e+00
5.450000000000000400e-01 8.581936033269510489e-03 7.274691346193505659e+00 -2.066414726869486351e+00
5.550000000000000488e-01 1.692073173200233163e-02 6.595811279327387311e+00 -1.771580859955420806e+00
5.650000000000000577e-01 5.772646962843290541e-02 5.368635065093457115e+00 -1.238625001790702340e+00
5.749999999999999556e-01 1.295079846265948242e-01 4.560608342555521943e+00 -8.877034549621067860e-01
5.849999999999999645e-01 2.819657958384062524e-01 3.782565106914047348e+00 -5.498035710408629706e-01
5.949999999999999734e-01 5.500753094738469740e-01 3.114295683973550499e+00 -2.595778482331349557e-01
6.049999999999999822e-01 9.455179736215998387e-01 2.572617981577387081e+00 -2.433021111244926607e-02
6.149999999999999911e-01 1.442782873311619252e+00 2.150021800635833813e+00 1.592009783438554926e-01
6.250000000000000000e-01 2.067113630187109141e+00 1.790442347489908048e+00 3.153643506509199446e-01
6.350000000000000089e-01 2.623895150872306292e+00 1.551935687623787086e+00 4.189464769279519496e-01
6.450000000000000178e-01 4.470078079026181150e+00 1.019189724343873449e+00 6.503151090366509068e-01
6.550000000000000266e-01 5.986714767937027837e+00 7.270527912534412440e-01 7.771885670379651279e-01
6.650000000000000355e-01 6.936617589807736017e+00 5.797813234397344306e-01 8.411477528512503188e-01
6.750000000000000444e-01 7.469664732356964265e+00 5.057454839028836524e-01 8.733011094251792450e-01
6.850000000000000533e-01 6.660182292432515361e+00 6.204487447466375816e-01 8.234861161844275745e-01
6.950000000000000622e-01 6.398851804536602295e+00 6.604770314310921542e-01 8.061020521573275532e-01
7.050000000000000711e-01 6.447181313589628537e+00 6.529525705125958090e-01 8.093698840135271633e-01
7.149999999999999689e-01 5.946605440213525107e+00 7.337750576579318285e-01 7.742691238326111502e-01
7.249999999999999778e-01 4.406922531356506134e+00 1.033418992999137087e+00 6.441354161781509546e-01
7.349999999999999867e-01 3.484593806568370589e+00 1.268244117527707271e+00 5.421521603831490621e-01
7.449999999999999956e-01 4.460487590715497497e+00 1.021337514831529569e+00 6.493823354795775771e-01
7.550000000000000044e-01 9.292520372384835525e+00 2.873857846265597260e-01 9.681335218909401519e-01
7.650000000000000133e-01 1.238635669276187379e+01 0.000000000000000000e+00 1.092943582331691532e+00
7.750000000000000222e-01 6.181049349765372902e+00 6.951075454081987459e-01 7.910622110315966848e-01
7.850000000000000311e-01 1.255910931453364299e+00 2.288734449076962996e+00 9.895884055568730797e-02
7.950000000000000400e-01 8.643783477398850335e-02 4.964925396707180028e+00 -1.063296120519550136e+00
8.050000000000000488e-01 3.992445804415065656e-03 8.039946852475839734e+00 -2.398760970493983180e+00
8.150000000000000577e-01 0.000000000000000000e+00 inf -inf
8.250000000000000666e-01 0.000000000000000000e+00 inf -inf
8.349999999999999645e-01 0.000000000000000000e+00 inf -inf
8.449999999999999734e-01 0.000000000000000000e+00 inf -inf
8.549999999999999822e-01 0.000000000000000000e+00 inf -inf
8.649999999999999911e-01 0.000000000000000000e+00 inf -inf
8.750000000000000000e-01 0.000000000000000000e+00 inf -inf
8.850000000000000089e-01 0.000000000000000000e+00 inf -inf
8.950000000000000178e-01 0.000000000000000000e+00 inf -inf
9.050000000000000266e-01 0.000000000000000000e+00 inf -inf
9.150000000000000355e-01 0.000000000000000000e+00 inf -inf
9.250000000000000444e-01 0.000000000000000000e+00 inf -inf
9.350000000000000533e-01 0.000000000000000000e+00 inf -inf
9.450000000000000622e-01 0.000000000000000000e+00 inf -inf
9.550000000000000711e-01 0.000000000000000000e+00 inf -inf
9.649999999999999689e-01 0.000000000000000000e+00 inf -inf
9.749999999999999778e-01 0.000000000000000000e+00 inf -inf
9.849999999999999867e-01 0.000000000000000000e+00 inf -inf
9.949999999999999956e-01 0.000000000000000000e+00 inf -inf
