# created by program: /home/aporutho/.conda/envs/westpa-2020.02/westpa-2020.03/lib/west_tools/plothist.py
# created by user:    aporutho
# created on host:    bhc0136
# created at:         Mon Aug  8 03:23:47 2022
# source data: /gpfs/fs2/scratch/aporutho/LipidPhase/Simulation/Weighted_Ensemble_3/Analysis/ClusterLipids2Total_AuxData/DPPC_DAPC_CHOL/343K/multi_west/corebydxpc.h5 dimension 0
# column 0: midpoint of bin
# column 1: probability in bin
# column 2: -ln P
# column 3: log10 P
8.479608681797981551e-02 0.000000000000000000e+00 inf -inf
9.327714404463768871e-02 0.000000000000000000e+00 inf -inf
1.017582012712955480e-01 0.000000000000000000e+00 inf -inf
1.102392584979534074e-01 0.000000000000000000e+00 inf -inf
1.187203157246112806e-01 0.000000000000000000e+00 inf -inf
1.272013729512691538e-01 0.000000000000000000e+00 inf -inf
1.356824301779270270e-01 0.000000000000000000e+00 inf -inf
1.441634874045849002e-01 0.000000000000000000e+00 inf -inf
1.526445446312427456e-01 0.000000000000000000e+00 inf -inf
1.611256018579006188e-01 0.000000000000000000e+00 inf -inf
1.696066590845584920e-01 0.000000000000000000e+00 inf -inf
1.780877163112163653e-01 0.000000000000000000e+00 inf -inf
1.865687735378742385e-01 0.000000000000000000e+00 inf -inf
1.950498307645321117e-01 0.000000000000000000e+00 inf -inf
2.035308879911899571e-01 0.000000000000000000e+00 inf -inf
2.120119452178478303e-01 0.000000000000000000e+00 inf -inf
2.204930024445057035e-01 0.000000000000000000e+00 inf -inf
2.289740596711635767e-01 0.000000000000000000e+00 inf -inf
2.374551168978214499e-01 0.000000000000000000e+00 inf -inf
2.459361741244792954e-01 0.000000000000000000e+00 inf -inf
2.544172313511371408e-01 0.000000000000000000e+00 inf -inf
2.628982885777950695e-01 0.000000000000000000e+00 inf -inf
2.713793458044528872e-01 0.000000000000000000e+00 inf -inf
2.798604030311108160e-01 0.000000000000000000e+00 inf -inf
2.883414602577686336e-01 0.000000000000000000e+00 inf -inf
2.968225174844265069e-01 0.000000000000000000e+00 inf -inf
3.053035747110843801e-01 0.000000000000000000e+00 inf -inf
3.137846319377422533e-01 0.000000000000000000e+00 inf -inf
3.222656891644001265e-01 0.000000000000000000e+00 inf -inf
3.307467463910579442e-01 0.000000000000000000e+00 inf -inf
3.392278036177158729e-01 0.000000000000000000e+00 inf -inf
3.477088608443736906e-01 0.000000000000000000e+00 inf -inf
3.561899180710316193e-01 0.000000000000000000e+00 inf -inf
3.646709752976894370e-01 0.000000000000000000e+00 inf -inf
3.731520325243473657e-01 0.000000000000000000e+00 inf -inf
3.816330897510051834e-01 0.000000000000000000e+00 inf -inf
3.901141469776631121e-01 3.408037466654469307e-06 1.420762980902438954e+01 -5.467495639412423891e+00
3.985952042043209298e-01 1.335479706144367248e-04 1.053930566792586632e+01 -3.874362707100850400e+00
4.070762614309787475e-01 1.069072977568067415e-03 8.459219235837013073e+00 -2.970992647762837890e+00
4.155573186576366762e-01 1.335921932640620662e-04 1.053897458592466307e+01 -3.874218920014670609e+00
4.240383758842944939e-01 3.084588782075894150e-03 7.399592780136405423e+00 -2.510802725173363559e+00
4.325194331109524226e-01 7.594692472753002653e-03 6.498561488207664993e+00 -2.119489807066553322e+00
4.410004903376102403e-01 8.226754276869646318e-03 6.418619572834709075e+00 -2.084771474347301812e+00
4.494815475642681690e-01 3.072486981016688684e-02 5.100938714503047144e+00 -1.512509948664320758e+00
4.579626047909259867e-01 3.197417178224240542e-02 5.061082687596980989e+00 -1.495200696108428762e+00
4.664436620175839154e-01 9.618573355528289848e-02 3.959730085852512182e+00 -1.016889338541016041e+00
4.749247192442417331e-01 1.628781339266308081e-01 3.433008856126287256e+00 -7.881372149696216356e-01
4.834057764708996618e-01 3.076205762542164601e-01 2.797144004397199346e+00 -5.119846186274492617e-01
4.918868336975574795e-01 5.171869475857537868e-01 2.277606722792755889e+00 -2.863524440836236473e-01
5.003678909242152972e-01 6.415573157038453322e-01 2.062112606239312917e+00 -1.927645383818471780e-01
5.088489481508731149e-01 8.727085298804370117e-01 1.754409504437255185e+00 -5.913077920469905074e-02
5.173300053775311547e-01 1.066243145889825605e+00 1.554114462139621677e+00 2.785625241774158586e-02
5.258110626041889724e-01 1.248271105302469763e+00 1.396496375534694412e+00 9.630891767841041895e-02
5.342921198308467901e-01 1.295786585797841006e+00 1.359137940785425380e+00 1.125334797425606298e-01
5.427731770575046077e-01 1.891087261480114856e+00 9.811039194121561335e-01 2.767115691966673952e-01
5.512542342841626475e-01 2.242731172616181379e+00 8.105614570573486111e-01 3.507772195275533633e-01
5.597352915108204652e-01 3.577699503924079316e+00 3.435358565137671683e-01 5.536038607511831744e-01
5.682163487374782829e-01 3.092781063393759133e+00 4.891851470535708568e-01 4.903491775766228855e-01
5.766974059641361006e-01 3.100690873329142949e+00 4.866309046781802650e-01 4.914584709456984446e-01
5.851784631907940293e-01 3.171263878392843960e+00 4.641256454653843733e-01 5.012323808356180521e-01
5.936595204174519580e-01 3.465548244872205697e+00 3.753850099492221926e-01 5.397719491608750086e-01
6.021405776441097757e-01 3.165249150882453844e+00 4.660240805475983628e-01 5.004079009551609669e-01
6.106216348707675934e-01 3.280059682648919228e+00 4.303942355433358902e-01 5.158817460315803238e-01
6.191026920974255221e-01 3.268140586852555707e+00 4.340346583982088724e-01 5.143007304739144470e-01
6.275837493240833398e-01 3.166730564588937646e+00 4.655561656773428147e-01 5.006111138013134010e-01
6.360648065507412685e-01 3.361011317012563282e+00 4.060139378097220586e-01 5.264699748044471272e-01
6.445458637773990862e-01 3.977366027936064530e+00 2.376360555207890357e-01 5.995955599570861327e-01
6.530269210040569039e-01 4.149526863939213328e+00 1.952615346496167081e-01 6.179985805447303360e-01
6.615079782307148326e-01 4.800077766938572132e+00 4.962373447525370018e-02 6.812482735169845816e-01
6.699890354573727613e-01 4.714966912971278568e+00 6.751395503998991465e-02 6.734786494456875827e-01
6.784700926840305790e-01 4.490846367904319791e+00 1.162146690664027648e-01 6.523281980792682289e-01
6.869511499106883967e-01 4.000179081401805448e+00 2.319167232352130625e-01 6.020794344088827854e-01
6.954322071373463254e-01 3.585924780676419399e+00 3.412394545696668668e-01 5.546011754437377705e-01
7.039132643640042541e-01 2.686859784017815667e+00 6.298827085288268846e-01 4.292450030106756964e-01
7.123943215906620718e-01 1.809122301856961990e+00 1.025414042136619130e+00 2.574679274049772593e-01
7.208753788173198895e-01 1.959784924154668762e+00 9.454211190561749856e-01 2.922084124901254132e-01
7.293564360439777072e-01 1.185577248525109706e+00 1.448026068168329239e+00 7.392985651345208853e-02
7.378374932706356359e-01 1.369075899619663916e+00 1.304119867283318079e+00 1.364275254694733430e-01
7.463185504972935647e-01 1.823808281892633554e+00 1.017329076187045267e+00 2.609791835032528873e-01
7.547996077239513824e-01 2.457799326974723808e+00 7.189894866674719776e-01 3.905464209648847884e-01
7.632806649506092000e-01 3.570661595550856049e+00 3.455049541990460327e-01 5.527486924921380940e-01
7.717617221772671288e-01 4.058828935603683519e+00 2.173613612029088316e-01 6.084007478216166831e-01
7.802427794039250575e-01 5.044284669202693472e+00 0.000000000000000000e+00 7.027995875710194573e-01
7.887238366305828752e-01 5.009657721168173872e+00 6.888260068586449236e-03 6.998080542333179332e-01
7.972048938572406929e-01 4.490235652138328426e+00 1.163506695539986424e-01 6.522691338179691378e-01
8.056859510838986216e-01 3.991514891517437658e+00 2.340850227993107602e-01 6.011377538730818815e-01
8.141670083105564393e-01 2.795598600444927140e+00 5.902096017104796477e-01 4.464748143818421111e-01
8.226480655372143680e-01 1.655620284947919574e+00 1.114080120561827369e+00 2.189607388129083398e-01
8.311291227638721857e-01 8.199030194532174187e-01 1.816825068381046959e+00 -8.623751421036736364e-02
8.396101799905300034e-01 2.827140484724754987e-01 2.881575175296118729e+00 -5.486526102494805324e-01
8.480912372171879321e-01 7.741589988186856064e-02 4.176818948356296524e+00 -1.111169833609063406e+00
8.565722944438458608e-01 2.460687190154373441e-02 5.322985383165718787e+00 -1.608943591589518940e+00
8.650533516705036785e-01 3.494303911575233085e-03 7.274876943767387694e+00 -2.456639325632349991e+00
8.735344088971614962e-01 0.000000000000000000e+00 inf -inf
8.820154661238194249e-01 0.000000000000000000e+00 inf -inf
8.904965233504773536e-01 0.000000000000000000e+00 inf -inf
8.989775805771351713e-01 0.000000000000000000e+00 inf -inf
9.074586378037929890e-01 0.000000000000000000e+00 inf -inf
9.159396950304508067e-01 0.000000000000000000e+00 inf -inf
9.244207522571087354e-01 0.000000000000000000e+00 inf -inf
