# created by program: /home/aporutho/.conda/envs/westpa-2020.02/westpa-2020.03/lib/west_tools/plothist.py
# created by user:    aporutho
# created on host:    bhc0136
# created at:         Mon Aug  8 03:24:25 2022
# source data: /gpfs/fs2/scratch/aporutho/LipidPhase/Simulation/Weighted_Ensemble_3/Analysis/ClusterLipids2Total_AuxData/DPPC_DAPC_CHOL/343K/multi_west/silcoeffdppc.h5 dimension 0
# column 0: midpoint of bin
# column 1: probability in bin
# column 2: -ln P
# column 3: log10 P
-2.998779329001903804e-01 0.000000000000000000e+00 inf -inf
-2.765620685636996923e-01 3.833902616994326054e-05 1.272007667318599644e+01 -4.416358922610569948e+00
-2.532462042272091152e-01 2.064903973321645814e-03 8.733706008345462735e+00 -2.685100140049329287e+00
-2.299303398907184548e-01 3.598865886693068498e-03 8.178170967298713734e+00 -2.443834337218829145e+00
-2.066144755542278222e-01 3.774428296920571274e-02 5.827955711951989137e+00 -1.423148820536904724e+00
-1.832986112177372173e-01 6.074591383892020274e-02 5.352089913606095095e+00 -1.216482930188797607e+00
-1.599827468812465847e-01 1.797890223629541318e-01 4.267005666191231228e+00 -7.452368291363788977e-01
-1.366668825447559521e-01 2.873224998999495128e-01 3.798184453733441934e+00 -5.416303635667693017e-01
-1.133510182082653195e-01 4.939673632504547052e-01 3.256320282942968269e+00 -3.063017442513852884e-01
-9.003515387177468687e-02 7.546570532320857616e-01 2.832526319730027442e+00 -1.222503645640953679e-01
-6.671928953528406814e-02 1.007147063506929952e+00 2.543912808379808155e+00 3.092890818026419221e-03
-4.340342519879344940e-02 1.425189007646747497e+00 2.196730010801456245e+00 1.538724640180384184e-01
-2.008756086230281679e-02 1.693931304169554508e+00 2.023982409702343332e+00 2.288957939374072215e-01
3.228303474187815825e-03 1.935044392218841613e+00 1.890904184737902227e+00 2.866909327009434794e-01
2.654416781067844844e-02 2.526244222196785572e+00 1.624300750045241326e+00 4.024753332444200860e-01
4.986003214716908105e-02 2.727371964940943805e+00 1.547695957324852545e+00 4.357443720102273654e-01
7.317589648365971366e-02 3.143480529650259481e+00 1.405703817694215596e+00 4.974107747254490342e-01
9.649176082015034628e-02 3.299230255634879594e+00 1.357345267275818834e+00 5.184126263249989597e-01
1.198076251566409789e-01 2.951453002956447413e+00 1.468736860204531203e+00 4.700358721856457977e-01
1.431234894931316115e-01 2.437421202379426610e+00 1.660093856533278123e+00 3.869305846064902688e-01
1.664393538296222441e-01 1.963003476256640623e+00 1.876558766489116792e+00 2.929210686869853086e-01
1.897552181661128490e-01 1.202771846314736992e+00 2.366405687601905949e+00 8.018325387040335650e-02
2.130710825026034816e-01 7.406450315684930397e-01 2.851268260852519276e+00 -1.303898861737492476e-01
2.363869468390941142e-01 4.018943321262768986e-01 3.462600532994578817e+00 -3.958881185744227427e-01
2.597028111755847468e-01 3.570036706975235896e-01 3.581043667861119495e+00 -4.473273184662840407e-01
2.830186755120753794e-01 1.930202606361905160e-01 4.195994570869057583e+00 -7.143971022840533980e-01
3.063345398485660120e-01 1.452955982463390583e-01 4.480019455780486659e+00 -8.377475425242932872e-01
3.296504041850566447e-01 7.738079927238153410e-02 5.110051053249172526e+00 -1.111366788729634125e+00
3.529662685215472773e-01 9.621366084595460097e-03 7.194803472422176327e+00 -2.016763260510924916e+00
3.762821328580379099e-01 8.777540234046300044e-03 7.286593518833262451e+00 -2.056627171160902989e+00
3.995979971945285425e-01 8.567022132813471033e-04 9.613454628172888761e+00 -3.067170111102381469e+00
4.229138615310191751e-01 2.182015977251827027e-03 8.678540521972823996e+00 -2.661142073726182833e+00
4.462297258675097522e-01 0.000000000000000000e+00 inf -inf
4.695455902040003848e-01 0.000000000000000000e+00 inf -inf
4.928614545404910174e-01 0.000000000000000000e+00 inf -inf
5.161773188769815945e-01 0.000000000000000000e+00 inf -inf
5.394931832134722827e-01 0.000000000000000000e+00 inf -inf
5.628090475499629708e-01 0.000000000000000000e+00 inf -inf
5.861249118864535479e-01 0.000000000000000000e+00 inf -inf
6.094407762229441250e-01 0.000000000000000000e+00 inf -inf
6.327566405594348131e-01 0.000000000000000000e+00 inf -inf
6.560725048959255012e-01 0.000000000000000000e+00 inf -inf
6.793883692324160783e-01 0.000000000000000000e+00 inf -inf
7.027042335689066554e-01 0.000000000000000000e+00 inf -inf
7.260200979053973436e-01 0.000000000000000000e+00 inf -inf
7.493359622418880317e-01 0.000000000000000000e+00 inf -inf
7.726518265783786088e-01 0.000000000000000000e+00 inf -inf
7.959676909148691859e-01 0.000000000000000000e+00 inf -inf
8.192835552513597630e-01 0.000000000000000000e+00 inf -inf
8.425994195878504511e-01 0.000000000000000000e+00 inf -inf
8.659152839243411393e-01 0.000000000000000000e+00 inf -inf
8.892311482608317164e-01 0.000000000000000000e+00 inf -inf
9.125470125973222935e-01 0.000000000000000000e+00 inf -inf
9.358628769338129816e-01 0.000000000000000000e+00 inf -inf
9.591787412703036697e-01 0.000000000000000000e+00 inf -inf
9.824946056067942468e-01 0.000000000000000000e+00 inf -inf
1.005810469943284824e+00 0.000000000000000000e+00 inf -inf
1.029126334279775623e+00 0.000000000000000000e+00 inf -inf
1.052442198616266200e+00 0.000000000000000000e+00 inf -inf
1.075758062952756777e+00 0.000000000000000000e+00 inf -inf
1.099073927289247354e+00 0.000000000000000000e+00 inf -inf
1.122389791625737931e+00 0.000000000000000000e+00 inf -inf
1.145705655962228731e+00 0.000000000000000000e+00 inf -inf
1.169021520298719308e+00 0.000000000000000000e+00 inf -inf
1.192337384635209885e+00 0.000000000000000000e+00 inf -inf
1.215653248971700462e+00 0.000000000000000000e+00 inf -inf
1.238969113308191261e+00 0.000000000000000000e+00 inf -inf
1.262284977644681838e+00 0.000000000000000000e+00 inf -inf
1.285600841981172415e+00 0.000000000000000000e+00 inf -inf
1.308916706317662992e+00 0.000000000000000000e+00 inf -inf
1.332232570654153569e+00 0.000000000000000000e+00 inf -inf
1.355548434990644369e+00 0.000000000000000000e+00 inf -inf
1.378864299327134946e+00 0.000000000000000000e+00 inf -inf
1.402180163663625523e+00 0.000000000000000000e+00 inf -inf
1.425496028000116322e+00 0.000000000000000000e+00 inf -inf
1.448811892336606899e+00 0.000000000000000000e+00 inf -inf
1.472127756673097476e+00 0.000000000000000000e+00 inf -inf
1.495443621009588053e+00 0.000000000000000000e+00 inf -inf
1.518759485346078630e+00 0.000000000000000000e+00 inf -inf
1.542075349682569430e+00 0.000000000000000000e+00 inf -inf
1.565391214019060007e+00 0.000000000000000000e+00 inf -inf
1.588707078355550584e+00 0.000000000000000000e+00 inf -inf
1.612022942692041161e+00 0.000000000000000000e+00 inf -inf
1.635338807028531960e+00 0.000000000000000000e+00 inf -inf
1.658654671365022537e+00 0.000000000000000000e+00 inf -inf
1.681970535701513114e+00 0.000000000000000000e+00 inf -inf
1.705286400038003691e+00 0.000000000000000000e+00 inf -inf
1.728602264374494268e+00 0.000000000000000000e+00 inf -inf
1.751918128710984845e+00 0.000000000000000000e+00 inf -inf
1.775233993047475645e+00 0.000000000000000000e+00 inf -inf
1.798549857383966444e+00 0.000000000000000000e+00 inf -inf
1.821865721720457021e+00 0.000000000000000000e+00 inf -inf
1.845181586056947598e+00 0.000000000000000000e+00 inf -inf
1.868497450393438175e+00 0.000000000000000000e+00 inf -inf
1.891813314729928752e+00 0.000000000000000000e+00 inf -inf
1.915129179066419329e+00 0.000000000000000000e+00 inf -inf
1.938445043402909906e+00 0.000000000000000000e+00 inf -inf
1.961760907739400484e+00 0.000000000000000000e+00 inf -inf
1.985076772075891283e+00 0.000000000000000000e+00 inf -inf
2.008392636412382082e+00 1.282035898014235897e+01 0.000000000000000000e+00 1.107900185940381643e+00
