# created by program: /home/aporutho/.conda/envs/westpa-2020.02/westpa-2020.03/lib/west_tools/plothist.py
# created by user:    aporutho
# created on host:    bhc0136
# created at:         Mon Aug  8 03:28:27 2022
# source data: /gpfs/fs2/scratch/aporutho/LipidPhase/Simulation/Weighted_Ensemble_3/Analysis/ClusterLipids2Total_AuxData/DPPC_DAPC_CHOL/323K/multi_west/corebydppc.h5 dimension 0
# column 0: midpoint of bin
# column 1: probability in bin
# column 2: -ln P
# column 3: log10 P
3.558199933171272283e-02 0.000000000000000000e+00 inf -inf
4.341266545653343217e-02 0.000000000000000000e+00 inf -inf
5.124333158135414151e-02 0.000000000000000000e+00 inf -inf
5.907399770617485085e-02 0.000000000000000000e+00 inf -inf
6.690466383099555325e-02 0.000000000000000000e+00 inf -inf
7.473532995581627647e-02 0.000000000000000000e+00 inf -inf
8.256599608063697193e-02 0.000000000000000000e+00 inf -inf
9.039666220545769515e-02 0.000000000000000000e+00 inf -inf
9.822732833027839061e-02 0.000000000000000000e+00 inf -inf
1.060579944550991138e-01 0.000000000000000000e+00 inf -inf
1.138886605799198093e-01 0.000000000000000000e+00 inf -inf
1.217193267047405325e-01 0.000000000000000000e+00 inf -inf
1.295499928295612280e-01 0.000000000000000000e+00 inf -inf
1.373806589543819512e-01 0.000000000000000000e+00 inf -inf
1.452113250792026466e-01 0.000000000000000000e+00 inf -inf
1.530419912040233699e-01 0.000000000000000000e+00 inf -inf
1.608726573288440653e-01 0.000000000000000000e+00 inf -inf
1.687033234536647885e-01 0.000000000000000000e+00 inf -inf
1.765339895784854840e-01 0.000000000000000000e+00 inf -inf
1.843646557033062072e-01 0.000000000000000000e+00 inf -inf
1.921953218281269027e-01 0.000000000000000000e+00 inf -inf
2.000259879529476259e-01 0.000000000000000000e+00 inf -inf
2.078566540777683214e-01 0.000000000000000000e+00 inf -inf
2.156873202025890446e-01 0.000000000000000000e+00 inf -inf
2.235179863274097400e-01 0.000000000000000000e+00 inf -inf
2.313486524522304633e-01 0.000000000000000000e+00 inf -inf
2.391793185770511587e-01 0.000000000000000000e+00 inf -inf
2.470099847018718819e-01 0.000000000000000000e+00 inf -inf
2.548406508266926052e-01 0.000000000000000000e+00 inf -inf
2.626713169515133006e-01 0.000000000000000000e+00 inf -inf
2.705019830763339961e-01 0.000000000000000000e+00 inf -inf
2.783326492011547471e-01 0.000000000000000000e+00 inf -inf
2.861633153259753870e-01 0.000000000000000000e+00 inf -inf
2.939939814507961380e-01 0.000000000000000000e+00 inf -inf
3.018246475756168334e-01 0.000000000000000000e+00 inf -inf
3.096553137004375289e-01 0.000000000000000000e+00 inf -inf
3.174859798252582799e-01 3.346223234697359369e-04 9.955747581912932631e+00 -3.475445089565110113e+00
3.253166459500789753e-01 1.214552339223186686e-03 8.666619242326943251e+00 -2.915583765217813372e+00
3.331473120748996708e-01 5.412869660184964696e-03 7.172215417652893166e+00 -2.266572430426758711e+00
3.409779781997204218e-01 5.530324187567447342e-03 7.150748368897215101e+00 -2.257249409609419999e+00
3.488086443245410617e-01 1.082709129352174386e-02 6.478943359826073944e+00 -1.965488201254859124e+00
3.566393104493618127e-01 2.291637654265343479e-02 5.729143018301599000e+00 -1.639854050401606145e+00
3.644699765741825082e-01 6.596781726983477756e-02 4.671827800164272126e+00 -1.180667885532232120e+00
3.723006426990032036e-01 6.107498675574786484e-02 4.748892405851576015e+00 -1.214136618532278389e+00
3.801313088238239546e-01 1.276628898691936631e-01 4.011601689338172072e+00 -8.939353287920119850e-01
3.879619749486446501e-01 1.677632051546708580e-01 3.738441314136616622e+00 -7.753032851673545833e-01
3.957926410734653455e-01 2.394074961978792382e-01 3.382827701070515225e+00 -6.208622553230687124e-01
4.036233071982860965e-01 3.777324414345932246e-01 2.926808688043843532e+00 -4.228157143226179970e-01
4.114539733231067364e-01 6.614256667351094965e-01 2.366597199672958673e+00 -1.795189562243349468e-01
4.192846394479274874e-01 8.358103661676166141e-01 2.132593053517009007e+00 -7.789224680632403364e-02
4.271153055727481829e-01 1.256963598417727423e+00 1.724540557067053337e+00 9.932270072873801425e-02
4.349459716975688783e-01 1.617241435580871967e+00 1.472517646901052801e+00 2.087748599270310423e-01
4.427766378223896293e-01 1.976257382494157167e+00 1.272034682018970297e+00 2.958435052909227925e-01
4.506073039472103248e-01 2.335532721797751954e+00 1.104999515681327926e+00 3.683859563151528072e-01
4.584379700720310202e-01 3.055997803358514453e+00 8.361333746532362277e-01 4.851530377342744282e-01
4.662686361968517712e-01 3.892098119735248218e+00 5.942911525344107826e-01 5.901837802917009324e-01
4.740993023216724112e-01 3.666889886531907283e+00 6.538956667386270905e-01 5.642978686762858409e-01
4.819299684464931621e-01 4.771928873463231469e+00 3.904889280105410254e-01 6.786939618020251253e-01
4.897606345713138576e-01 5.303281878027932272e+00 2.849136759724590906e-01 7.245447111877091340e-01
4.975913006961346086e-01 4.636312275915051018e+00 4.193202450401702919e-01 6.661726799100539109e-01
5.054219668209553040e-01 5.704529789581221699e+00 2.119789680007089228e-01 7.562198523990653065e-01
5.132526329457760550e-01 5.622409956398495723e+00 2.264791373069581226e-01 7.499225088826984020e-01
5.210832990705966949e-01 4.502664865465167310e+00 4.485701133357677950e-01 6.534696235128789610e-01
5.289139651954174459e-01 4.521489130454091843e+00 4.443981339344627024e-01 6.552814911454798441e-01
5.367446313202381969e-01 4.350242194068827395e+00 4.830080068128255188e-01 6.385134364074208646e-01
5.445752974450588368e-01 3.819709403359653255e+00 6.130651798550628140e-01 5.820303238232409360e-01
5.524059635698794768e-01 2.594605410596787731e+00 9.998050796785195038e-01 4.140713193980972151e-01
5.602366296947002278e-01 2.680310142146189900e+00 9.673070146523593538e-01 4.281850497114916276e-01
5.680672958195209787e-01 2.205891612894602893e+00 1.162107740404062950e+00 3.435841694467780538e-01
5.758979619443416187e-01 1.640868155755589086e+00 1.458014062122550358e+00 2.150736867641506456e-01
5.837286280691623697e-01 1.680435127661067840e+00 1.434186762721517905e+00 2.254217514126756194e-01
5.915592941939831206e-01 1.810053190692568759e+00 1.359883295192046759e+00 2.576913373470023916e-01
5.993899603188037606e-01 1.462512114575040378e+00 1.573083943601274459e+00 1.650994722046794927e-01
6.072206264436245116e-01 2.050690772951893948e+00 1.235062828354164255e+00 3.119001773232826791e-01
6.150512925684452625e-01 3.189667643469674463e+00 7.933228027921457315e-01 5.037454328606687515e-01
6.228819586932659025e-01 3.948283052781277558e+00 5.799587129263465979e-01 5.964082797256947677e-01
6.307126248180866535e-01 3.816749631857480729e+00 6.138403484604937344e-01 5.816936723753576288e-01
6.385432909429074044e-01 6.430879182531133331e+00 9.212826691598197115e-02 8.082703505323983739e-01
6.463739570677280444e-01 7.051494126179078670e+00 0.000000000000000000e+00 8.482811484813193026e-01
6.542046231925486843e-01 5.306141418163578649e+00 2.843746193008458434e-01 7.247788205256239236e-01
6.620352893173695463e-01 5.933377427694809469e+00 1.726459269246825023e-01 7.733019750948576521e-01
6.698659554421901863e-01 4.670629261106435948e+00 4.119457191385600403e-01 6.693753958157758754e-01
6.776966215670108262e-01 2.763249511495671662e+00 9.368321807381920774e-01 4.414201019173326079e-01
6.855272876918315772e-01 2.613785910537232748e+00 9.924398164081692508e-01 4.172700125941750104e-01
6.933579538166523282e-01 1.247715852748441101e+00 1.731924965229816316e+00 9.611569301152873834e-02
7.011886199414729681e-01 5.830798221101141099e-01 2.492670713023910967e+00 -2.342719873868094049e-01
7.090192860662937191e-01 2.510579202830113821e-01 3.335311135532215587e+00 -6.002260731107909031e-01
7.168499521911144701e-01 1.185492624501079534e-01 4.085666215075677954e+00 -9.261011436245922823e-01
7.246806183159351100e-01 2.896924194560406007e-02 5.494760161580130031e+00 -1.538062869074751537e+00
7.325112844407558610e-01 5.917593463136126310e-03 7.083064949499989993e+00 -2.227854874048861511e+00
7.403419505655766120e-01 1.428458959327262232e-03 8.504398593774524784e+00 -2.845132232700731123e+00
7.481726166903972519e-01 3.041787354935148421e-06 1.465630479677710518e+01 -5.516871149851137801e+00
7.560032828152180029e-01 3.760823325150759868e-06 1.444411218223874904e+01 -5.424717068256505570e+00
7.638339489400387539e-01 7.801429518976900649e-05 1.141185800356413083e+01 -4.107825810730043159e+00
7.716646150648593938e-01 0.000000000000000000e+00 inf -inf
7.794952811896800338e-01 0.000000000000000000e+00 inf -inf
7.873259473145008958e-01 0.000000000000000000e+00 inf -inf
7.951566134393215357e-01 0.000000000000000000e+00 inf -inf
8.029872795641421757e-01 0.000000000000000000e+00 inf -inf
8.108179456889629266e-01 0.000000000000000000e+00 inf -inf
